-0.233711  -0.893826 
-1.021882  -1.759148 
-1.671499  -0.241646 
-1.770379  -1.811518 
-1.772027  -0.740989 
-1.108066  -0.218757 
-1.626820  -0.933500 
-0.167913  -0.760033 
-1.821284  -1.954100 
-1.118686  -1.397504 
-0.857570  -1.744804 
-1.809137  -0.853359 
-0.763634  -0.639241 
-1.919980  -0.934050 
-1.305338  -0.592486 
-0.603046  -0.729759 
-1.551317  -1.451338 
-1.748039  -0.595416 
-0.658467  -0.201117 
-0.734031  -1.583728 
-0.712302  -0.665914 
-1.079806  -0.468276 
-1.050142  -0.149480 
-0.055788  -0.505875 
-0.302194  -1.513901 
-0.956633  -1.755486 
-1.897031  -1.101535 
-1.870968  -1.602039 
-1.725333  -0.102054 
-1.642872  -1.274270 
-1.819025  -0.267037 
-0.477737  -0.775964 
-1.306375  -1.792413 
-0.044801  -1.329020 
-0.762963  -0.265877 
-1.635487  -0.900601 
-0.957488  -0.308664 
-1.452315  -0.141850 
-1.576037  -0.172124 
-0.466323  -0.001099 
-1.149998  -0.429090 
-1.458419  -1.638539 
-0.689840  -1.574267 
-1.365215  -1.981445 
-1.201758  -0.225288 
-0.426283  -1.032746 
-1.512009  -0.398083 
-0.108829  -0.847072 
-1.088534  -1.793512 
-1.996948  -1.612659 
-1.545396  -0.033265 
-1.518296  -0.783349 
-1.900815  -0.147526 
-0.599322  -0.700217 
-1.931883  -0.923917 
-1.731620  -1.567553 
-0.750572  -1.567370 
-1.704337  -1.477889 
-0.764794  -0.597491 
-0.469314  -0.393445 
-0.053957  -1.618152 
-1.754448  -0.462050 
-1.753960  -0.916288 
-0.003845  -1.268532 
-0.139164  -1.791864 
-0.263619  -0.887906 
-0.908841  -0.126896 
-0.266671  -1.078707 
-1.668630  -0.056398 
-1.714103  -1.396039 
-0.031007  -1.147130 
-1.544908  -1.684744 
-0.552202  -1.230201 
-1.941221  -0.423780 
-1.779839  -1.527573 
-1.153844  -1.714530 
-0.570696  -0.818262 
-1.335185  -1.881344 
-1.324381  -0.634968 
-0.132511  -1.305521 
-1.927122  -1.228004 
-0.067324  -1.605396 
-0.976165  -1.449324 
-1.653127  -1.032502 
-0.946806  -0.567095 
-1.626698  -1.882748 
-0.221686  -0.650288 
-1.727897  -0.304453 
-1.448408  -1.490402 
-1.659169  -1.121189 
-1.850887  -0.607196 
-1.173681  -0.468703 
-0.097110  -0.179815 
-1.501450  -0.406629 
-1.343791  -1.786248 
-1.503220  -1.207251 
-0.956328  -1.611072 
-1.484787  -0.717917 
-0.350902  -0.768212 
-0.627033  -1.540086 
-1.719840  -1.525620 
-1.288064  -0.180670 
-0.803980  -0.508072 
-1.935850  -0.759178 
-1.591113  -0.315500 
-0.103641  -0.988617 
-0.184271  -0.249519 
-0.484512  -1.324503 
-0.659200  -0.623554 
-1.228126  -1.711295 
-1.955626  -1.163488 
-1.533921  -1.378765 
-1.160558  -0.312571 
-1.025300  -0.397473 
-0.700156  -0.683676 
-0.610065  -0.545000 
-0.563433  -1.140843 
-0.202826  -1.557299 
-0.104312  -0.937712 
-1.096652  -1.393841 
-0.927335  -1.810724 
-1.432600  -0.579730 
-1.612598  -0.553301 
-0.227790  -0.871120 
-1.468856  -0.507767 
-0.649739  -0.182745 
-1.500961  -1.412763 
-0.223762  -0.714682 
-1.779595  -0.043458 
-0.662313  -0.215766 
-1.401044  -1.082736 
-0.224189  -0.659627 
-0.572771  -1.993957 
-0.637226  -0.363292 
-0.089114  -1.583178 
-1.935301  -0.830348 
-1.928526  -1.370647 
-1.574023  -0.157231 
-1.480697  -1.330790 
-0.199103  -1.698477 
-1.805963  -1.910581 
-0.586077  -1.779534 
-1.187231  -1.803888 
-1.491684  -1.214637 
-0.488296  -1.934446 
-0.860622  -0.286691 
-0.494888  -1.966430 
-1.597034  -0.571123 
-1.047578  -1.430525 
-1.818842  -0.122013 
-1.570666  -0.861843 
-0.456496  -0.101505 
-1.385662  -1.861507 
-1.493088  -0.289193 
-1.223853  -0.264046 
-1.445357  -0.126041 
-1.579150  -0.758446 
-1.531846  -0.497574 
-0.083499  -1.853389 
-0.028260  -0.847987 
-1.962096  -0.081118 
-1.797845  -0.052004 
-0.647114  -1.262795 
-1.614612  -1.299966 
-1.010956  -1.608631 
-1.526780  -0.928922 
-1.382550  -0.651875 
-0.122379  -1.368511 
-1.177587  -0.546770 
-0.734458  -0.231880 
-1.719352  -1.834346 
-1.207862  -0.580950 
-1.032319  -1.810968 
-0.542802  -1.746086 
-1.132176  -1.409345 
-0.002991  -0.751793 
-1.499008  -1.528062 
-1.876034  -0.785302 
-1.421796  -0.748314 
-0.073489  -0.145390 
-1.759331  -0.109439 
-0.800745  -1.737053 
-0.191534  -1.155797 
-1.925352  -1.693594 
-1.967833  -1.979125 
-1.729362  -1.267922 
-0.327097  -1.362346 
-1.424909  -0.960356 
-0.501724  -0.482070 
-0.584124  -1.579455 
-1.397198  -0.408948 
-0.350414  -1.479354 
-0.581622  -0.761681 
-1.898190  -0.046083 
-0.169378  -1.380169 
-0.159429  -0.126896 
-1.688528  -0.471999 
-1.382550  -1.457930 
-0.633198  -0.453688 
-1.954161  -0.466262 
-1.703848  -0.073855 
-1.904172  -0.264901 
-0.609149  -1.352580 
-0.626728  -0.791894 
-1.830500  -0.621235 
-0.003235  -1.173498 
-1.670095  -1.652760 
-1.531724  -1.899289 
-1.902402  -0.280587 
-0.339427  -1.403485 
-0.848109  -0.199957 
-1.837092  -0.567644 
-0.291208  -1.851741 
-0.543962  -0.644063 
-1.919431  -0.047304 
-0.759423  -1.461592 
-1.462203  -0.273080 
-1.000519  -1.541856 
-0.134648  -1.542711 
-1.171606  -1.545763 
-0.075747  -0.651326 
-0.275277  -1.290201 
-1.769707  -1.204627 
-0.836024  -1.554186 
-0.036256  -1.246498 
-1.804559  -1.890072 
-0.328990  -0.684408 
-0.324961  -1.112400 
-1.135472  -0.371960 
-0.359508  -1.463118 
-1.481857  -0.852382 
-1.215308  -1.437971 
-1.629688  -1.093783 
-1.729301  -0.302499 
-1.453413  -1.460372 
-1.847163  -0.105350 
-0.149846  -1.332987 
-1.510788  -1.765984 
-1.725639  -1.398480 
-1.541795  -1.173742 
-0.448439  -0.043519 
-0.208808  -0.237068 
-1.452010  -0.292123 
-0.165471  -0.818201 
-0.679708  -0.723289 
-1.447371  -0.492935 
-1.356182  -0.806543 
-1.214881  -0.071902 
-1.173620  -0.093387 
-1.929930  -1.821039 
-1.380291  -1.701285 
-0.653279  -0.318552 
-1.959044  -1.528184 
-0.083193  -1.635182 
-1.496445  -1.534288 
-0.037233  -1.234596 
-1.789605  -1.720878 
-0.148564  -1.279824 
-0.405530  -1.182165 
-0.255562  -0.232612 
-1.487533  -0.829554 
-0.488235  -0.443007 
-1.477584  -1.645802 
-1.704337  -1.730766 
-0.370434  -1.318949 
-1.797479  -1.609546 
-1.770928  -1.471786 
-1.881893  -0.911039 
-1.651662  -1.126560 
-0.237800  -1.782586 
-0.888638  -1.521470 
-0.965361  -1.638844 
-0.506241  -0.530412 
-1.708792  -0.031312 
-1.659474  -1.480758 
-1.420759  -1.827754 
-1.610096  -1.199561 
-0.782922  -0.493728 
-0.428541  -1.071932 
-1.850215  -0.234993 
-1.387616  -0.610920 
-1.090182  -1.627796 
-1.820246  -1.632984 
-0.607135  -0.698508 
-1.630177  -1.476730 
-0.235847  -1.390728 
-1.642262  -0.701682 
-0.195257  -0.355541 
-0.980132  -1.705435 
-0.987274  -0.004273 
-1.659047  -1.695608 
-0.229438  -0.760277 
-1.580004  -0.455885 
-1.109348  -0.446913 
-0.115238  -0.341380 
-0.146428  -1.750847 
-1.470077  -0.942717 
-0.950957  -1.695730 
-0.009400  -1.855037 
-1.665944  -0.066286 
-0.737571  -1.990478 
-1.414716  -0.338389 
-1.872127  -1.216956 
-1.763848  -0.121830 
-1.127110  -1.695547 
-0.350047  -1.869076 
-1.961241  -1.832270 
-0.492386  -0.544816 
-0.623066  -0.081118 
-0.880337  -0.463454 
-0.268624  -0.698080 
-0.348521  -0.159795 
-0.701010  -1.364299 
-0.877956  -1.734123 
-0.252693  -0.600848 
-1.349040  -0.211615 
-1.846614  -0.641865 
-1.928648  -1.386761 
-1.573962  -1.718925 
-0.989898  -1.584033 
-0.866176  -1.682363 
-1.135716  -0.367626 
-1.002411  -1.787469 
-1.322123  -0.174688 
-1.754021  -0.772423 
-0.720176  -0.704978 
-1.755425  -1.121494 
-1.874569  -0.851650 
-1.841548  -1.218482 
-0.717185  -0.325388 
-1.207801  -0.378124 
-1.599292  -0.185308 
-0.829066  -0.603107 
-1.433332  -1.830622 
-0.306406  -1.431562 
-1.426252  -1.637623 
-0.500443  -0.172124 
-0.437452  -0.603412 
-0.002686  -1.270608 
-0.598041  -1.637196 
-1.210364  -0.154790 
-0.123295  -1.429914 
-0.019654  -1.285623 
-1.691397  -0.934538 
-1.609851  -0.011353 
-1.599719  -1.230384 
-1.827998  -0.535661 
-1.002106  -0.561846 
-1.822993  -0.766625 
-1.110935  -1.482589 
-0.362255  -0.115421 
-1.550951  -0.542863 
-0.520463  -0.181707 
-0.053652  -1.957579 
-0.425916  -1.262917 
-0.678671  -1.691275 
-0.753807  -0.625752 
-0.750023  -1.400006 
-0.652425  -1.476608 
-1.694693  -0.665059 
-0.790979  -0.568377 
-1.971068  -0.957671 
-1.215735  -1.382550 
-1.275002  -1.771538 
-0.210211  -0.360912 
-1.291726  -0.351756 
-0.611408  -1.521775 
-0.696921  -1.532151 
-0.268807  -0.867519 
-0.309275  -1.935362 
-1.207801  -1.923826 
-0.219794  -0.868191 
-0.709067  -1.642018 
-1.036287  -0.595233 
-1.550157  -0.464064 
-1.058992  -1.483993 
-1.920896  -1.452254 
-1.399274  -1.732597 
-1.815546  -0.498856 
-0.110599  -1.915891 
-0.700461  -0.379650 
-0.341563  -1.161412 
-0.472976  -0.562029 
-1.212439  -0.540849 
-1.620228  -1.478317 
-1.092746  -1.654225 
-0.230049  -1.160253 
-1.081149  -0.130802 
-0.705710  -0.325755 
-0.881436  -1.616382 
-1.257668  -0.640278 
-1.805841  -1.323466 
-1.955565  -1.309854 
-0.078310  -0.529801 
-0.151616  -1.616199 
-1.456038  -0.565020 
-0.364940  -1.545885 
-1.375469  -1.427107 
-0.679281  -1.616504 
-1.693594  -0.097232 
-1.442244  -0.517350 
-1.446821  -1.468734 
-0.149113  -1.339274 
-0.665426  -1.224586 
-1.596667  -1.394940 
-0.891507  -0.603229 
-1.235878  -1.918332 
-1.479110  -0.926237 
-0.333567  -1.452193 
-1.314066  -1.357707 
-1.491989  -1.833918 
-1.975951  -0.396619 
-0.015015  -1.206458 
-0.426710  -0.578631 
-1.096042  -0.390820 
-1.665700  -0.262764 
-0.508255  -0.756249 
-0.774865  -0.284066 
-0.503433  -0.276986 
-0.642598  -0.542802 
-0.161626  -0.160466 
-0.021912  -0.851711 
-0.001038  -1.801752 
-1.158361  -0.298166 
-1.793695  -1.930174 
-0.547441  -1.928831 
-0.144414  -1.239967 
-1.262246  -0.660543 
-0.895047  -1.427839 
-1.547594  -0.753929 
-1.278726  -1.750114 
-1.766289  -1.724723 
-1.934751  -1.729484 
-0.028993  -0.205023 
-1.075045  -1.404828 
-1.194739  -1.691214 
-0.990936  -0.561357 
-0.086978  -1.379070 
-1.515061  -0.181036 
-0.629841  -1.935850 
-1.081454  -0.392651 
-0.973663  -1.728446 
-1.429304  -1.580554 
-0.916837  -1.882748 
-0.026124  -1.575304 
-0.682089  -0.022156 
-1.934446  -1.990173 
-0.059450  -0.900784 
-0.268502  -0.997772 
-1.907407  -0.043703 
-1.567614  -0.612140 
-1.384808  -0.083377 
-1.732047  -0.170965 
-1.844966  -1.413984 
-1.243629  -0.216071 
-0.700400  -1.683706 
-0.500381  -0.525040 
-0.703574  -1.380352 
-0.803797  -1.899777 
-0.330393  -1.430586 
-1.310282  -0.060915 
-1.847468  -1.748527 
-1.136021  -0.085330 
-1.750237  -0.670980 
-1.259804  -0.217231 
-0.198248  -1.734977 
-1.565966  -1.110080 
-1.285195  -1.580432 
-1.503586  -0.496109 
-0.667013  -1.405011 
-0.350230  -0.303293 
-0.277718  -1.253151 
-1.432600  -1.172094 
-1.228370  -1.898740 
-1.763848  -1.095492 
-1.652394  -1.327250 
-0.263070  -0.583087 
-0.213691  -0.628925 
-1.224952  -1.623768 
-1.731071  -0.905423 
-1.671865  -1.168798 
-0.294321  -0.053652 
-0.411939  -0.296457 
-1.160253  -1.830073 
-0.596759  -1.289590 
-1.868343  -1.944029 
-0.066347  -1.870846 
-1.283547  -1.544725 
-1.203772  -1.948057 
-1.671010  -1.260964 
-1.336711  -0.206000 
-0.407178  -0.080508 
-1.117649  -0.171758 
-0.502213  -0.064699 
-1.618702  -1.522629 
-1.243324  -1.394147 
-1.172277  -1.639027 
-0.355602  -0.294198 
-1.897702  -0.775658 
-0.237617  -1.080416 
-1.316507  -1.964293 
-0.004700  -0.776696 
-0.246345  -0.082949 
-0.028932  -0.246406 
-1.158971  -1.532334 
-0.662557  -0.771996 
-0.190374  -0.953642 
-1.832148  -0.021363 
-0.991791  -0.427870 
-1.192114  -0.339183 
-1.606738  -1.592822 
-1.523667  -1.298929 
-0.563860  -0.115238 
-1.067598  -1.454512 
-1.478072  -1.229102 
-1.604236  -1.868221 
-1.085116  -1.877682 
-1.760918  -1.556078 
-0.153325  -0.461013 
-0.095645  -1.949339 
-1.823847  -1.769890 
-0.595172  -1.012909 
-1.427473  -1.134678 
-0.297983  -1.540086 
-1.856807  -1.060457 
-1.141270  -0.363231 
-1.683828  -1.623035 
-0.521683  -1.420148 
-1.711783  -1.564318 
-1.759331  -1.112888 
-0.647420  -0.024537 
-0.650960  -1.397504 
-1.582446  -1.848933 
-1.970763  -0.405286 
-1.417768  -0.487625 
-0.259468  -0.758385 
-1.569689  -1.790887 
-1.424543  -1.843745 
-0.989837  -0.247383 
-1.665273  -1.005280 
-1.709586  -1.908933 
-1.918332  -0.435926 
-1.141148  -1.564562 
-1.737053  -0.712973 
-0.840968  -1.681143 
-1.313700  -1.481307 
-0.209052  -0.053224 
-0.278939  -1.804926 
-1.185644  -0.465346 
-1.466475  -1.623402 
-1.630299  -1.302469 
-0.072695  -0.048158 
-1.697012  -0.861904 
-1.522568  -0.606708 
-0.558977  -0.877834 
-0.563799  -1.232521 
-1.919858  -1.412641 
-0.591327  -0.100589 
-1.386700  -0.236335 
-0.114933  -0.541032 
-0.043153  -1.298379 
-1.520615  -1.020051 
-1.888241  -1.743461 
-0.188055  -1.652211 
-1.378643  -1.304971 
-0.823511  -1.532395 
-1.140416  -1.527329 
-0.488662  -0.973601 
-1.955199  -0.437574 
-1.868892  -0.872402 
-1.602100  -0.966887 
-0.887478  -0.049928 
-1.880612  -1.162267 
-1.814203  -0.915555 
-1.796564  -1.528794 
-1.414472  -0.886135 
-0.604694  -0.035951 
-1.670034  -1.070833 
-0.664815  -0.687521 
-0.401257  -1.274819 
-1.529099  -0.384594 
-1.233375  -0.629658 
-1.047334  -1.671072 
-0.081179  -1.273354 
-1.629139  -0.164556 
-0.551531  -0.005371 
-1.824396  -0.515580 
-1.448042  -1.188147 
-0.688559  -0.026002 
-1.494613  -0.654988 
-1.449019  -0.320200 
-1.392193  -0.096438 
-0.325083  -0.279916 
-0.497757  -0.582720 
-0.156499  -0.817286 
-0.908963  -1.478866 
-0.073550  -0.267769 
-0.074831  -1.508591 
-1.569567  -0.520096 
-0.608783  -1.499313 
-0.425550  -0.651387 
-0.566424  -1.224158 
-0.500565  -0.548235 
-0.285043  -1.312906 
-1.572680  -0.100528 
-1.584826  -1.960448 
-1.251686  -0.413404 
-1.951598  -0.877346 
-0.547258  -0.979705 
-0.128605  -0.507645 
-0.483718  -1.865658 
-0.841395  -0.394360 
-1.760369  -0.190191 
-0.509720  -0.146733 
-0.180486  -0.050417 
-0.496536  -1.239051 
-0.114261  -1.509751 
-0.272652  -1.097751 
-0.395215  -0.841945 
-0.512406  -1.384320 
-1.373577  -1.826228 
-1.501267  -1.495163 
-1.101535  -0.581927 
-1.051729  -0.480422 
-1.966735  -0.332224 
-1.337626  -1.289956 
-1.704520  -1.116001 
-1.506577  -1.687124 
-0.406507  -1.512803 
-0.256539  -1.268105 
-1.565600  -1.024262 
-1.760308  -0.884548 
-1.379681  -1.572558 
-1.112583  -1.676565 
-0.151189  -0.942473 
-0.662130  -1.911130 
-1.874874  -1.048250 
-0.745384  -1.768426 
-0.055910  -1.023164 
-1.933714  -0.860317 
-0.821497  -0.567522 
-1.883053  -0.948332 
-1.698477  -1.665700 
-1.944395  -1.068575 
-1.312174  -0.241707 
-1.945555  -1.935667 
-1.923643  -1.296487 
-0.531755  -1.671255 
-1.995239  -1.961547 
-1.752739  -0.793786 
-0.970428  -1.909299 
-1.582263  -1.408063 
-1.456282  -1.555895 
-1.060030  -0.530473 
-0.995697  -1.494552 
-1.741508  -0.490066 
-0.616779  -1.596728 
-0.143864  -0.339549 
-0.347484  -1.219214 
-1.137974  -1.593432 
-1.588366  -1.356487 
-0.282662  -1.344584 
-0.040468  -1.098117 
-1.119114  -0.585040 
-1.268960  -1.965453 
-0.652242  -0.201117 
-1.910825  -1.159215 
-0.943205  -0.020386 
-1.451277  -0.320688 
-1.777764  -1.555528 
-1.741630  -1.727287 
-1.831111  -1.260231 
-0.016419  -1.233802 
-1.359294  -1.409162 
-1.704459  -1.312784 
-0.517716  -1.274941 
-1.501083  -1.486679 
-0.066408  -0.132633 
-1.272011  -0.575457 
-1.294351  -1.868282 
-1.100314  -0.106388 
-1.865230  -1.327433 
-1.654653  -0.305979 
-1.129795  -0.294565 
-0.982513  -0.099307 
-1.319620  -1.636036 
-1.813227  -1.278481 
-1.764336  -0.045534 
-1.833979  -0.026734 
-1.412458  -0.449904 
-1.493088  -1.678945 
-0.828394  -0.299081 
-0.009705  -0.869900 
-0.231697  -1.562548 
-0.591815  -1.627308 
-1.585620  -1.213172 
-0.775170  -1.442000 
-1.322611  -1.632435 
-1.063692  -0.040468 
-1.240516  -0.422254 
-0.012818  -0.388928 
-1.150304  -0.198187 
-1.055879  -1.487350 
-1.152867  -0.355907 
-1.910642  -1.466720 
-0.002319  -0.190497 
-0.568133  -1.260964 
-0.203619  -0.180609 
-1.229957  -1.954588 
-1.894101  -0.187872 
-0.318613  -1.181860 
-1.434431  -0.248604 
-0.653401  -0.077151 
-1.349528  -1.527696 
-0.129948  -0.546464 
-0.725181  -0.608478 
-0.587909  -0.098392 
-1.210059  -1.977966 
-1.269204  -1.900632 
-1.620594  -1.228553 
-0.270089  -0.042360 
-1.555101  -0.966765 
-0.567095  -0.206305 
-1.128819  -0.357494 
-0.517655  -1.243263 
-0.330699  -0.878262 
-1.998047  -0.774316 
-1.770196  -0.614277 
-0.170110  -1.489059 
-1.820063  -0.222480 
-1.734855  -0.685202 
-0.146306  -0.740989 
-1.277871  -1.940184 
-0.428663  -0.655049 
-0.545305  -1.229713 
-1.658254  -1.576708 
-1.396893  -1.483871 
-0.652303  -1.367656 
-0.761010  -0.010559 
-1.808893  -0.991974 
-0.897061  -1.702383 
-0.073428  -0.553606 
-1.470321  -1.235633 
-0.632832  -0.643941 
-0.155950  -1.523850 
-1.088351  -0.250740 
-1.614490  -0.713584 
-1.616199  -1.996948 
-1.523362  -0.134648 
-0.140019  -1.372356 
-0.312021  -1.540452 
-0.085635  -0.611713 
-0.990448  -1.656240 
-0.234809  -1.826838 
-0.900113  -1.633717 
-0.069582  -0.360607 
-1.514267  -1.224586 
-1.397687  -0.873074 
-1.740898  -0.420423 
-0.037843  -0.702902 
-1.700003  -0.100101 
-0.620746  -1.209265 
-0.052248  -1.518723 
-0.894742  -1.814325 
-1.390912  -1.097324 
-1.327921  -0.266915 
-0.515580  -1.698782 
-1.983703  -1.759270 
-1.140477  -0.076907 
-1.415082  -1.795160 
-1.960631  -1.079257 
-1.281594  -1.789789 
-0.549699  -1.526475 
-1.495346  -1.884701 
-1.849483  -1.495224 
-0.122257  -1.994385 
-0.372997  -1.583544 
-0.655049  -0.676229 
-1.871456  -0.611957 
-0.104373  -1.407758 
-0.387402  -1.085177 
-0.164495  -0.159429 
-1.222633  -1.647816 
-0.251839  -1.630360 
-0.435926  -0.657796 
-0.690146  -1.656484 
-1.095798  -0.178167 
-0.484817  -0.638997 
-0.748009  -0.324412 
-0.030335  -0.170537 
-1.285501  -0.405042 
-1.439497  -0.798853 
-1.408185  -0.292245 
-0.180425  -1.864132 
-0.859645  -0.460891 
-0.710654  -1.348674 
-0.629597  -0.132633 
-1.793817  -0.675375 
-0.307627  -1.963317 
-0.187872  -0.393200 
-0.392590  -1.686270 
-1.439009  -0.319529 
-1.141453  -1.645497 
-0.143071  -0.864284 
-0.328990  -1.238868 
-1.031831  -1.781487 
-1.057955  -1.918760 
-0.465896  -0.835353 
-0.495804  -1.803095 
-0.231025  -1.250099 
-0.226630  -1.368816 
-0.208258  -0.447951 
-1.787591  -1.593799 
-1.697073  -0.830226 
-0.075137  -0.486160 
-1.578234  -0.038697 
-0.311472  -0.937712 
-0.504044  -1.135289 
-1.255531  -1.838374 
-1.303201  -0.136479 
-0.348338  -1.390973 
-0.788415  -1.341899 
-1.479965  -0.561785 
-1.153294  -1.891964 
-1.063509  -1.606067 
-0.147282  -1.994629 
-1.107089  -1.604419 
-0.214728  -0.257088 
-0.967681  -1.949217 
-1.786981  -0.560564 
-0.477554  -1.717399 
-0.913480  -1.915403 
-0.127995  -1.867306 
-0.421278  -1.734306 
-1.000275  -0.197577 
-0.788354  -1.961058 
-0.129032  -0.005249 
-1.920042  -0.492080 
-1.988159  -0.379955 
-0.014710  -1.328776 
-1.783563  -1.073275 
-0.707480  -1.897153 
-1.243934  -1.879208 
-0.593463  -1.463912 
-0.910855  -1.653920 
-1.396527  -1.582324 
-1.796564  -0.800928 
-1.960936  -1.619129 
-1.258583  -1.412885 
-1.986633  -1.390790 
-0.096072  -1.345012 
-0.149052  -1.147740 
-1.728935  -0.825282 
-1.302652  -0.712546 
-0.532121  -0.199957 
-1.948302  -0.347789 
-1.966857  -1.704459 
-0.563982  -1.198889 
-0.361583  -0.547502 
-0.271065  -1.264199 
-0.178106  -0.343272 
-0.366161  -0.024659 
-1.021332  -1.655019 
-1.262917  -1.772820 
-1.661489  -0.483413 
-1.323954  -1.571825 
-1.454817  -0.122257 
-1.581347  -0.586383 
-1.467574  -1.639210 
-1.843745  -0.924223 
-0.042848  -0.278817 
-1.776849  -0.721091 
-0.406384  -0.297189 
-1.977660  -1.633656 
-0.337535  -1.603076 
-1.652394  -0.132023 
-1.314920  -1.386151 
-0.274972  -0.351329 
-0.419263  -0.715842 
-1.150060  -0.400098 
-0.418775  -1.775994 
-0.305429  -1.391644 
-1.676748  -0.488601 
-1.157750  -0.516495 
-1.299661  -0.497635 
-1.927061  -1.927915 
-1.306192  -1.560778 
-0.065981  -1.960814 
-1.992981  -0.740135 
-1.304178  -1.668203 
-0.849269  -1.502853 
-0.901944  -1.774834 
-1.496994  -1.653188 
-1.182653  -1.702506 
-0.510331  -0.907498 
-0.485488  -0.748680 
-0.050600  -1.621021 
-0.228339  -0.209479 
-0.580218  -0.354808 
-1.883236  -1.203528 
-1.140721  -1.791864 
-0.978423  -1.413923 
-0.316660  -0.185614 
-1.495285  -0.379955 
-1.594592  -0.416089 
-1.612598  -0.675802 
-0.789392  -0.508560 
-0.261849  -1.997131 
-1.623402  -1.796747 
-0.476394  -0.768700 
-0.106082  -0.826991 
-1.337016  -0.172735 
-0.416639  -0.885403 
-0.515580  -1.602771 
-0.147282  -0.877895 
-1.246620  -0.498917 
-0.546342  -1.351482 
-0.013245  -0.039735 
-0.135990  -1.125889 
-1.803827  -1.094089 
-1.451338  -0.094668 
-0.821070  -0.267464 
-1.267312  -0.602985 
-1.532945  -1.105075 
-1.350383  -1.962767 
-0.168035  -0.433546 
-0.966033  -0.460891 
-0.462416  -0.711081 
-1.069613  -0.087893 
-1.529649  -0.379467 
-1.309793  -0.064882 
-0.205267  -0.434889 
-1.189245  -1.410138 
-1.855708  -0.515702 
-1.581225  -1.139622 
-1.525193  -0.210639 
-0.554277  -1.542772 
-1.860530  -0.035340 
-0.193548  -0.468703 
-0.000488  -1.513962 
-0.105167  -1.562914 
-0.617573  -0.803919 
-0.292184  -0.389416 
-1.299356  -1.301431 
-1.457869  -1.664357 
-0.840663  -1.534654 
-1.019257  -1.845332 
-1.618397  -1.491501 
-1.456526  -0.325022 
-1.878536  -0.390515 
-1.389019  -1.634571 
-1.640675  -0.996796 
-1.653859  -0.878811 
-0.518998  -1.283364 
-1.896725  -1.666616 
-1.539598  -1.334330 
-1.823481  -1.393536 
-0.599078  -1.149937 
-0.249825  -1.928098 
-1.253456  -1.315043 
-0.662740  -0.086001 
-0.226264  -1.146275 
-1.649953  -1.489731 
-1.493271  -1.188391 
-1.162694  -0.530778 
-0.144292  -0.377514 
-0.773949  -0.344310 
-0.210517  -1.310892 
-1.621082  -1.732658 
-1.643361  -0.058779 
-0.633747  -1.957640 
-1.329752  -1.464766 
-0.458693  -1.820185 
-0.085574  -1.100192 
-1.042207  -0.002075 
-0.535295  -0.385632 
-0.419202  -0.761010 
-1.819208  -1.160558 
-0.288888  -0.345958 
-0.150090  -0.906705 
-1.790460  -0.566240 
-1.074435  -0.098575 
-1.699149  -1.504868 
-0.970122  -1.506760 
-0.101382  -1.611072 
-0.479629  -0.846339 
-0.333872  -0.593524 
-1.191626  -1.634449 
-1.489975  -1.685110 
-0.874355  -1.803888 
-1.059481  -1.551866 
-1.063753  -0.125065 
-1.751396  -0.263436 
-0.586871  -1.718070 
-1.978027  -1.363689 
-0.332286  -0.183416 
-1.874325  -1.504807 
-1.069491  -0.539079 
-0.042177  -1.587451 
-0.417982  -1.637989 
-1.511826  -0.281930 
-0.817225  -1.612781 
-0.206488  -1.930662 
-1.903562  -0.565447 
-1.788079  -0.644551 
-1.053499  -0.236274 
-0.425245  -0.748863 
-1.798822  -1.509568 
-0.026612  -1.832942 
-0.424757  -1.368450 
-1.439680  -1.236366 
-1.609546  -0.662069 
-1.602771  -1.642872 
-0.464309  -1.589770 
-0.245125  -0.484634 
-0.321543  -1.790765 
-1.706778  -1.978027 
-1.939329  -0.457839 
-0.512406  -0.065859 
-1.610096  -1.294168 
-1.500229  -1.483261 
-1.602466  -0.423963 
-1.507248  -1.003876 
-1.001312  -0.587298 
-0.974456  -1.737846 
-0.592120  -0.839076 
-1.939268  -1.304117 
-1.648183  -0.996429 
-1.721305  -0.504532 
-0.481399  -0.970000 
-0.922452  -1.849239 
-1.909238  -1.381146 
-0.490982  -0.140324 
-0.588702  -1.055086 
-1.218909  -0.047426 
-0.575335  -0.030091 
-0.846034  -0.501358 
-1.481002  -1.690664 
-1.659902  -0.825892 
-0.502518  -1.762017 
-0.674703  -0.184454 
-0.947844  -1.671255 
-0.785424  -1.614185 
-1.540941  -0.741844 
-0.536393  -0.938200 
-1.443892  -0.591571 
-0.760582  -1.597705 
-1.511948  -0.118656 
-0.919095  -0.374706 
-0.495560  -0.006592 
-0.842189  -0.261422 
-1.128941  -1.440840 
-1.891781  -0.989593 
-1.513596  -1.982116 
-0.975555  -0.236824 
-0.412183  -0.954436 
-0.284066  -1.942747 
-1.474471  -0.005737 
-0.084048  -0.677023 
-1.880245  -1.927366 
-0.008362  -0.520829 
-1.447798  -0.079592 
-0.529252  -1.396283 
-1.394513  -0.860744 
-0.072390  -1.758599 
-0.917814  -1.702200 
-0.650838  -0.315012 
-0.836268  -1.794610 
-1.162938  -1.899716 
-1.450179  -1.658315 
-1.030366  -0.198920 
-0.015381  -0.068911 
-1.990539  -1.206763 
-1.932432  -1.680288 
-0.518876  -1.187292 
-0.337352  -0.297433 
-0.558061  -1.237159 
-0.165593  -1.437605 
-1.587268  -1.828486 
-0.273568  -0.714133 
-1.218116  -1.769219 
-0.306528  -1.983093 
-0.506668  -1.019501 
-0.000305  -0.188482 
-1.166601  -1.800897 
-1.603748  -0.844813 
-0.872585  -1.435530 
-1.841548  -1.354228 
-0.983062  -0.268502 
-0.877651  -1.709220 
-0.070559  -0.919401 
-0.071108  -0.030152 
-1.383831  -0.209479 
-0.335398  -1.360881 
-1.439253  -0.647176 
-0.972625  -0.313303 
-1.844844  -0.075076 
-1.453719  -0.477920 
-0.820704  -1.859676 
-0.600482  -1.626270 
-1.340068  -1.216651 
-1.358135  -0.144536 
-1.579516  -0.611652 
-0.344676  -1.134739 
-0.364818  -0.171819 
-0.365368  -1.621509 
-1.300699  -0.046754 
-0.271493  -0.656697 
-0.006836  -0.275704 
-0.000549  -1.764275 
-1.061800  -0.193365 
-0.355663  -0.308115 
-0.801904  -0.260018 
-0.087832  -1.936399 
-1.579333  -0.531693 
-0.691916  -0.175665 
-1.781365  -1.942808 
-0.074587  -0.175542 
-0.349254  -1.501022 
-1.760979  -0.087710 
-0.036927  -1.151769 
-0.666829  -1.301859 
-1.580065  -0.024842 
-0.364818  -0.783410 
-0.303415  -0.455824 
-0.199835  -1.099643 
-1.029939  -0.234565 
-0.155278  -1.860408 
-0.374218  -1.634510 
-1.682424  -0.022340 
-0.641804  -1.593127 
-0.127750  -1.906125 
-0.780663  -1.458968 
-0.726157  -0.394055 
-1.854060  -0.466933 
-1.498459  -1.246986 
-0.109989  -0.281930 
-1.222449  -1.814203 
-1.452986  -0.334544 
-1.175756  -0.554643 
-1.312357  -1.257729 
-0.318247  -1.143101 
-1.560350  -1.900143 
-0.306162  -1.211280 
-1.927915  -1.077364 
-1.946532  -0.738731 
-0.105594  -1.947081 
-0.078188  -1.273843 
-0.252571  -0.620808 
-1.599597  -1.421796 
-1.653188  -0.943754 
-0.932768  -0.597613 
-0.519181  -0.465529 
-0.416883  -1.059359 
-1.038240  -0.196661 
-1.995422  -0.098025 
-0.329905  -1.906796 
-1.684194  -1.852351 
-0.924894  -0.453017 
-1.608020  -1.723014 
-1.245094  -0.258309 
-1.938047  -1.366680 
-1.108249  -1.423261 
-1.252052  -1.780877 
-0.138310  -0.266243 
-0.184515  -0.813807 
-0.903470  -0.312387 
-1.220557  -1.584521 
-1.552599  -1.924497 
-0.618793  -1.950743 
-0.176153  -0.438612 
-1.027009  -1.557665 
-0.809900  -0.325999 
-1.541673  -0.853786 
-0.287240  -0.136174 
-0.365001  -0.681112 
-0.737815  -0.514542 
-1.457930  -0.464125 
-0.439528  -1.262673 
-1.038240  -0.095035 
-1.419782  -0.023377 
-1.453230  -0.968169 
-1.893368  -0.981780 
-0.301523  -1.057039 
-0.236885  -0.585589 
-0.192145  -1.462264 
-0.239082  -0.578021 
-1.260414  -1.991882 
-0.833949  -0.082217 
-1.362529  -0.400342 
-1.788507  -1.705924 
-1.947630  -1.522813 
-0.049501  -1.252174 
-0.675680  -0.171331 
-0.469008  -0.730369 
-0.446913  -0.991791 
-1.684927  -1.389203 
-1.625965  -1.766045 
-1.096530  -1.947813 
-1.581225  -0.971648 
-0.370678  -1.135533 
-1.936522  -1.302957 
-1.728507  -0.378063 
-1.147984  -0.191046 
-1.477218  -1.951720 
-1.792291  -0.690329 
-1.101047  -0.461318 
-1.881466  -0.282968 
-0.597736  -1.580859 
-0.393262  -1.038911 
-1.748894  -0.991974 
-0.203253  -1.568590 
-0.011048  -1.460372 
-0.607318  -0.206305 
-0.620746  -1.861934 
-0.267098  -1.963805 
-1.243324  -1.976867 
-0.017579  -0.297067 
-1.875362  -0.024598 
-1.523057  -0.393139 
-1.074801  -1.990783 
-0.840907  -0.270821 
-0.628986  -1.721244 
-0.613239  -0.424329 
-1.549730  -1.436445 
-0.172552  -1.221351 
-1.964415  -0.083499 
-1.631825  -1.419477 
-1.704703  -1.708975 
-0.023438  -1.020600 
-0.438368  -1.263222 
-1.637196  -0.721030 
-1.599597  -1.332499 
-1.751457  -0.470351 
-1.561266  -1.491562 
-1.245888  -1.762139 
-0.630390  -0.509842 
-1.212500  -1.699454 
-0.599628  -1.379742 
-1.907041  -0.793542 
-0.515152  -1.848079 
-0.431471  -1.709647 
-1.466475  -0.391675 
-0.533830  -1.309610 
-0.841639  -0.051637 
-1.851497  -0.616413 
-1.466414  -1.569018 
-0.042787  -1.058809 
-1.351665  -1.490829 
-1.900204  -1.551866 
-0.876064  -0.308969 
-0.064150  -0.825343 
-0.071047  -1.030793 
-1.675649  -0.568499 
-0.209418  -0.922880 
-0.872036  -0.552690 
-0.296091  -0.265389 
-1.092013  -0.409925 
-0.060060  -0.306650 
-1.914365  -0.830164 
-1.537828  -1.457076 
-1.351115  -0.378185 
-1.174291  -0.139653 
-1.546312  -0.464125 
-0.567827  -0.006470 
-0.477309  -1.596118 
-1.001679  -1.927427 
-1.776116  -0.329966 
-1.435957  -1.612903 
-0.203864  -1.245827 
-0.133305  -1.056734 
-1.650868  -0.409436 
-1.609607  -1.285073 
-0.318796  -0.374157 
-1.727287  -1.142918 
-1.374676  -1.533189 
-0.625935  -1.253212 
-1.086642  -1.674551 
-0.286203  -0.271310 
-0.862880  -1.896664 
-1.743095  -1.205542 
-1.278542  -0.280709 
-0.803125  -0.071657 
-0.490127  -1.368084 
-1.947447  -0.859584 
-1.833186  -1.111301 
-1.693045  -0.661458 
-1.490219  -0.252205 
-1.866146  -1.559984 
-1.165563  -0.405103 
-1.163182  -0.522416 
-1.353801  -1.703543 
-0.409131  -1.169469 
-1.633412  -0.263985 
-0.303232  -1.440291 
-0.121220  -1.233253 
-1.140294  -0.565935 
-1.220862  -0.344066 
-1.059175  -1.613880 
-1.987548  -1.339946 
0.898160  0.359142 
0.296945  1.980895 
0.056948  0.584979 
1.313089  1.449324 
1.308573  0.238655 
0.989776  1.916135 
1.187353  1.456343 
1.185156  0.142582 
0.320383  0.262581 
1.835994  0.336680 
1.909421  0.754906 
0.163213  1.196448 
0.043947  1.494675 
1.567186  0.619282 
0.177557  1.967162 
0.380078  1.272134 
1.791803  0.610797 
0.029420  1.465926 
1.121128  0.135502 
0.530290  1.898434 
0.538224  0.182196 
0.172002  1.600146 
1.634144  0.044923 
1.870418  0.430311 
0.011902  0.372814 
0.304086  1.475021 
0.047304  0.136967 
1.263710  0.250313 
1.528977  1.961058 
1.910581  1.175390 
0.489334  0.877163 
1.540330  0.570391 
0.024537  0.173833 
1.325358  1.313822 
1.296121  1.677236 
0.037233  1.985290 
1.442305  1.010773 
1.958434  0.741417 
1.258889  1.319254 
0.295785  0.329783 
1.027131  0.465896 
0.771203  1.348796 
0.060366  0.817957 
0.191107  1.163976 
1.877682  1.112644 
1.462569  0.700339 
1.767693  0.293100 
0.326609  0.020264 
1.804437  1.512436 
1.281594  1.512253 
0.552629  0.194037 
0.102115  1.520493 
1.918882  1.520371 
1.055391  0.242988 
1.867672  0.735252 
1.996582  0.353404 
1.356914  1.937925 
0.898709  1.552232 
0.105350  1.134861 
0.143010  1.827570 
0.649617  1.548021 
0.785607  0.195379 
0.835231  0.596088 
0.408216  0.280343 
1.960204  0.366894 
1.803705  1.537095 
1.161473  1.946165 
1.223182  1.685659 
0.857997  0.340098 
1.859920  1.510666 
0.603107  0.167119 
1.024201  0.586138 
0.160100  1.681021 
0.322275  1.988647 
1.612964  1.689749 
0.826746  0.289926 
1.554064  0.463393 
1.641163  1.358623 
0.550615  0.650960 
0.190863  0.438063 
1.258583  1.779412 
1.133580  0.374767 
1.578478  1.668630 
1.844661  0.327708 
1.793085  1.808405 
0.062685  0.796350 
1.913144  0.186956 
0.594317  0.498489 
1.542711  0.176458 
1.447798  1.153783 
1.361675  0.102908 
0.756249  0.249947 
0.152898  0.055971 
0.217048  1.004791 
1.891964  1.746025 
0.932035  1.987976 
1.402875  1.135960 
1.826228  1.616871 
1.069918  0.008057 
1.273110  0.230354 
1.531175  0.227302 
1.994446  1.171850 
1.065645  1.519456 
1.513657  1.181799 
1.071505  0.179998 
1.141453  0.535844 
1.097385  1.435530 
0.582537  0.968780 
0.393506  1.172887 
0.262886  1.941771 
1.707633  0.238533 
1.268777  0.636006 
1.178991  0.560015 
1.554125  1.659413 
1.583911  1.580737 
1.805658  0.905545 
0.019410  1.224769 
1.603504  0.576067 
0.053591  1.269692 
1.170690  0.335154 
0.695151  1.686575 
0.602618  0.870144 
1.960997  1.187292 
0.475845  1.315714 
0.854030  0.540910 
0.148015  1.603870 
0.564104  0.222602 
1.061861  1.801813 
1.365642  1.500961 
1.387310  0.717185 
0.699911  1.579333 
0.322214  0.160039 
0.817164  0.223884 
1.200293  1.688162 
1.953246  1.033845 
1.979553  0.133366 
1.038179  0.207953 
0.095706  0.091739 
0.574419  0.369274 
0.290292  0.507706 
1.221595  0.059145 
0.377392  0.623798 
0.198248  1.782891 
1.694754  1.375408 
1.434431  0.797449 
0.559465  1.304788 
1.865291  0.182867 
1.897031  0.167913 
1.979675  1.029206 
0.351268  0.198370 
0.540422  0.894742 
1.599658  1.453658 
1.168249  1.647023 
1.986511  0.710044 
1.105380  1.845515 
1.974853  1.153661 
0.068178  1.517624 
0.000671  0.148930 
1.509934  0.970000 
0.081240  0.912381 
1.296304  0.197272 
1.892636  0.502518 
1.951476  0.369091 
0.021119  1.754997 
0.376232  1.176916 
0.702536  0.341624 
1.779473  0.392102 
0.618244  1.172094 
0.155217  0.864772 
1.980712  1.234291 
1.664724  0.814661 
1.997009  1.685110 
0.520219  0.502640 
1.532212  1.191931 
1.931761  1.663625 
0.289132  0.924772 
0.554155  0.837245 
0.133610  1.830012 
1.455367  0.798364 
1.375774  1.290628 
1.450850  1.551744 
1.616688  0.981841 
1.216773  1.488327 
0.841456  1.988769 
1.281045  0.240425 
1.537584  1.681753 
0.457900  1.557360 
1.814386  1.860530 
1.820002  0.998627 
1.239601  1.341105 
0.371838  1.468307 
0.195013  1.160802 
0.242744  1.808344 
1.430280  0.349559 
1.012482  1.432295 
1.934507  1.181249 
0.066713  1.875668 
0.867519  1.835383 
0.359691  0.384655 
1.698538  1.763115 
1.820368  0.753929 
0.062014  0.536515 
0.740013  1.778924 
1.123142  0.480544 
0.628925  0.663106 
1.229652  0.646992 
0.672018  1.882015 
1.048311  0.206854 
1.524033  1.595202 
1.827815  1.931394 
1.797967  0.922941 
0.602863  1.709891 
0.791833  0.317026 
1.595935  0.296640 
1.280618  1.975341 
1.236183  1.566210 
0.795862  1.774651 
1.853328  0.516800 
0.994598  1.655568 
1.892575  0.013367 
1.681753  0.004883 
1.787957  0.969268 
0.469741  1.927732 
1.397565  1.291971 
0.191900  0.256905 
1.223121  1.473006 
0.382214  0.364513 
0.227973  0.385388 
0.133732  0.835475 
0.064577  1.849971 
0.525040  1.534349 
0.793115  1.859249 
0.026795  0.745750 
1.965819  0.049257 
1.945799  0.681722 
1.598926  1.268288 
0.609760  1.699576 
1.598010  1.866878 
1.764580  1.168310 
1.036714  0.082095 
1.325236  0.464919 
1.417951  1.504257 
1.813349  0.907315 
0.173711  1.579699 
0.194891  1.505173 
0.140690  1.432356 
0.270211  1.695669 
0.370617  0.186346 
0.133915  0.355968 
1.748283  1.637501 
0.048219  0.751305 
1.665029  0.118595 
1.807245  0.177923 
0.001221  0.989410 
1.856746  1.141453 
0.481826  1.313089 
1.952696  0.562639 
0.360240  1.443342 
1.691336  0.681539 
1.296548  0.120060 
1.147618  0.022584 
1.168493  0.487564 
1.052278  0.416089 
0.278939  0.443678 
0.840907  1.521043 
1.227577  1.780511 
1.632496  1.557787 
1.908567  1.287637 
0.421705  0.509049 
0.866970  1.666555 
1.447981  1.163976 
1.268349  0.269967 
1.908200  1.891537 
1.766533  0.110843 
1.836543  1.382366 
0.579424  0.475723 
0.350352  0.956694 
0.953276  0.546037 
1.960448  0.473952 
1.658742  1.943113 
0.529923  0.581500 
1.594897  0.236946 
1.336711  1.847774 
1.394574  0.366832 
1.597339  0.665975 
0.573443  0.330088 
1.164892  1.720145 
1.753655  0.921781 
1.512680  0.750267 
1.118992  1.431257 
0.249702  1.496200 
0.442457  0.716941 
1.489120  1.892880 
1.000458  0.282601 
0.936735  1.526231 
0.941191  1.629810 
0.313120  0.366039 
1.846553  1.642689 
1.822993  0.022340 
1.826350  0.906095 
1.017121  1.670827 
0.635334  0.307688 
0.564226  0.058840 
1.527696  0.028016 
0.512406  1.984558 
1.315836  0.597858 
1.505783  1.378643 
0.395337  1.164830 
1.220557  1.491012 
1.776177  1.403485 
0.755516  1.949461 
1.761284  1.714713 
1.979492  0.933988 
1.451888  0.869900 
1.352397  1.741203 
1.928526  1.718375 
0.904508  0.476455 
0.664754  0.161626 
0.619526  0.711875 
0.102115  1.733085 
0.024171  0.832240 
0.663839  1.502304 
1.685476  0.945585 
1.020844  0.375439 
0.272042  1.490402 
0.634541  1.303323 
0.496353  1.810541 
0.714377  1.884823 
0.464858  0.238411 
0.012024  1.501205 
1.325663  1.811579 
0.073611  0.541887 
1.564501  1.901181 
1.618336  0.463576 
0.401257  0.776330 
1.261696  1.449324 
1.528855  1.643666 
0.398389  1.358928 
0.235542  1.033113 
0.171697  0.030396 
1.455672  0.041993 
1.098361  0.278878 
0.300607  0.708151 
1.578295  1.157567 
1.447371  1.705191 
1.920652  0.197333 
1.928953  0.055483 
1.691458  1.798151 
0.249763  0.133610 
1.104282  0.309030 
1.394574  1.889157 
0.600787  0.534806 
1.559740  1.901181 
1.936338  1.729789 
0.420728  1.828242 
1.081576  0.143193 
1.746208  1.814814 
0.252815  0.177862 
0.172552  1.417035 
1.384136  1.224219 
0.951689  1.610950 
0.352916  0.232490 
0.483108  0.445021 
0.272469  1.086825 
0.444166  1.900021 
1.330363  0.517533 
0.313913  1.881466 
0.218268  1.362041 
0.650655  0.077151 
0.563555  1.875729 
1.417463  1.982055 
0.488845  1.148656 
1.880001  1.467086 
0.623310  0.619404 
1.583361  0.795007 
0.969939  1.655019 
1.051119  0.265755 
0.142094  1.763970 
0.169683  0.095401 
0.399792  1.842952 
1.643361  1.258095 
0.149785  0.913907 
1.361431  1.626637 
1.526170  0.186651 
0.299570  0.048891 
0.284677  0.772912 
0.052309  1.574328 
1.149449  0.335948 
0.010376  0.885403 
1.697195  1.138462 
1.625416  1.410932 
0.279244  0.107852 
1.126621  1.552049 
1.192846  1.541734 
1.614124  0.241829 
0.217109  0.534928 
0.392407  0.761437 
1.707999  0.073672 
0.262215  0.135502 
1.311014  0.061525 
1.989990  1.632252 
1.519578  1.124912 
0.377270  1.804559 
0.800928  0.484024 
0.897183  1.832026 
1.820185  0.531449 
0.208808  1.226478 
0.574114  0.680013 
1.248085  0.042665 
1.516587  0.099124 
0.607746  1.507065 
1.945738  0.872524 
0.317454  1.649281 
0.625813  1.865535 
1.383343  0.884060 
1.925108  0.054323 
1.264138  1.778619 
1.994018  0.500259 
1.238258  0.111881 
1.652699  1.270974 
0.517655  1.003143 
0.279061  1.026887 
1.739189  1.687246 
1.731742  0.501846 
0.772423  1.341411 
1.120640  1.441084 
0.156682  0.024720 
0.238227  1.557970 
0.478835  1.793756 
0.462966  1.073824 
1.005768  0.055971 
0.947844  1.401532 
1.882504  0.224921 
0.906949  1.536546 
1.209876  1.737358 
1.812128  0.717002 
1.313211  0.497147 
0.311594  0.916471 
1.514939  1.807428 
1.685171  1.730888 
1.723991  0.852687 
0.645344  1.222205 
0.153447  0.795251 
1.300333  1.282327 
1.480392  1.546678 
0.496597  1.143284 
1.399274  1.730033 
1.382000  1.671987 
0.528397  1.388409 
1.695425  1.588977 
0.037904  1.582385 
1.434065  1.946471 
0.639180  1.573473 
1.626759  0.217902 
1.233314  1.694510 
0.910550  0.601337 
1.306253  0.022645 
1.890927  1.701529 
0.620624  0.020508 
0.261361  0.709738 
0.023804  0.165471 
0.304209  0.750877 
0.161077  0.663167 
1.042024  1.708365 
1.797357  0.164068 
1.469893  0.411634 
1.777764  1.799493 
0.291147  1.394574 
0.601764  1.669179 
1.492904  0.568560 
1.841792  0.364147 
1.242958  1.853755 
1.525193  1.263955 
0.994537  0.343577 
1.528306  0.715354 
0.621418  0.429945 
1.637867  1.472457 
0.518509  1.956359 
0.238105  1.637379 
1.614856  1.429365 
0.927396  0.060732 
1.421857  1.124485 
1.450789  0.793359 
0.928922  1.648549 
0.262032  0.650594 
0.159551  0.522111 
1.199561  0.344066 
0.379528  1.505722 
0.511063  1.100070 
1.246986  1.876217 
1.343913  0.178411 
1.050874  0.039186 
0.056948  0.655843 
1.101291  1.444075 
1.162389  1.414533 
0.494644  0.571978 
0.905179  1.654286 
0.827845  0.043580 
0.189886  1.361553 
0.668050  0.297800 
0.702414  0.199469 
1.688467  0.846767 
0.076968  1.457198 
1.544420  1.278054 
0.516556  1.189489 
0.669027  0.515763 
0.778405  1.604480 
0.217048  0.309153 
1.636525  1.662893 
0.100589  0.610675 
0.488723  0.996368 
0.949553  1.957640 
1.442671  1.122776 
1.687429  0.146489 
0.406812  1.423383 
1.851375  0.524125 
0.466506  0.263863 
0.477737  0.579791 
0.358104  0.823084 
1.852962  0.190497 
1.541612  1.552110 
0.702536  1.948607 
0.086917  0.236702 
0.509842  1.272439 
1.991882  0.553301 
0.485916  1.507859 
1.970336  1.036470 
0.363170  0.150151 
0.459181  0.606952 
1.684622  0.653401 
1.847835  0.844142 
0.471145  1.678274 
0.982879  1.720267 
0.267891  1.203894 
1.881527  0.565325 
1.881832  1.600696 
1.121494  0.478957 
1.790277  1.274697 
0.858669  0.119083 
0.928251  1.845515 
0.711264  1.307535 
1.449385  1.637196 
1.997497  1.285257 
1.897214  0.892666 
1.641835  0.498978 
0.678854  0.688803 
1.598926  1.282327 
0.290658  0.190680 
1.413800  0.880093 
0.358470  1.439192 
1.342631  1.488205 
1.512864  0.553667 
1.589526  0.498306 
1.544176  0.350780 
0.124699  0.313974 
1.934629  1.342692 
1.742119  1.527146 
1.136631  0.101138 
0.768883  0.260445 
1.765130  0.921537 
0.615619  0.518815 
1.426191  1.133580 
0.882107  1.546983 
1.254006  1.730277 
0.402661  0.401135 
0.400647  1.291360 
0.329600  1.949889 
0.285470  0.485549 
0.876553  1.893124 
1.785821  1.748589 
0.534318  0.364513 
0.681234  0.199103 
1.572619  0.677694 
1.665090  0.856288 
0.638203  0.779443 
0.233833  0.219672 
0.264595  1.972655 
0.103519  0.471267 
0.120792  1.991272 
1.691641  0.350047 
1.012726  0.359996 
1.565050  1.450484 
0.568926  0.060121 
0.534135  0.807337 
0.287912  1.788629 
1.930906  1.156346 
0.767907  0.333689 
1.499130  0.448561 
1.734550  0.402478 
1.034822  1.587451 
0.505692  1.247841 
1.853999  0.568255 
0.736290  0.572100 
1.227821  0.223212 
0.993255  0.483779 
0.402356  1.100009 
1.774834  0.063234 
1.410504  0.276803 
1.825129  0.352550 
0.868740  1.984313 
1.262307  0.310495 
0.473220  1.874508 
1.568102  1.098910 
0.760338  1.747917 
1.669485  1.852840 
0.657064  1.586413 
1.556078  0.021790 
0.557756  0.977569 
1.185217  0.164129 
1.500412  0.663717 
0.683737  0.014893 
1.084872  1.972472 
0.153508  0.671529 
0.155034  0.926908 
1.984436  1.443159 
1.711722  0.650349 
0.565203  1.736747 
1.148900  0.108219 
0.715659  0.217048 
1.401410  0.805139 
0.081484  1.963988 
1.539598  1.517747 
1.345866  1.939817 
0.824610  0.466445 
0.592181  1.288919 
0.659505  1.875362 
0.114689  1.125828 
1.735893  1.482528 
1.800653  0.651082 
0.166753  0.902005 
1.399579  1.147557 
1.129734  1.660085 
0.631001  1.820795 
0.748009  1.670766 
1.206153  0.438673 
1.977721  0.391919 
0.340770  0.412488 
0.022340  0.060549 
1.314249  0.533219 
1.681448  1.586108 
1.530503  0.603900 
0.018311  0.807581 
1.532579  0.507889 
1.844722  0.904447 
1.939634  0.916532 
0.561907  0.427503 
1.834468  1.374920 
0.152470  0.574664 
1.186987  0.283029 
1.488083  1.517258 
0.124821  0.333140 
0.266060  1.839656 
0.864284  1.967345 
0.887906  0.155034 
1.113804  0.416639 
1.590991  0.959014 
1.147496  1.783990 
0.667806  1.439985 
0.441359  1.717215 
1.349590  0.173406 
1.237342  0.344249 
0.411451  0.193548 
1.453719  1.181005 
0.494461  1.012299 
1.251198  0.656270 
0.578875  1.889035 
0.446425  1.693960 
1.195105  0.053285 
0.357616  0.202155 
1.060152  1.943480 
0.026551  1.264504 
1.029145  0.479019 
1.361492  1.625904 
1.272500  0.489029 
0.943632  0.547380 
1.992492  0.410352 
1.329997  1.753533 
0.829188  1.882504 
0.193731  0.997406 
0.473159  0.181524 
0.261544  0.569414 
0.512894  1.548814 
0.438551  0.987091 
1.058016  0.585589 
1.112583  0.209418 
1.865169  0.120609 
0.501724  0.469375 
0.572405  1.228614 
0.413892  0.246651 
1.030793  1.486679 
1.728446  1.072665 
1.412458  1.729972 
0.496231  1.289590 
1.885983  1.408856 
0.546403  0.383190 
1.972655  1.747429 
0.265511  1.768792 
1.331278  1.691824 
1.435041  0.536515 
1.033357  0.067690 
0.603900  1.436140 
0.542009  0.642170 
0.411512  0.924284 
0.527726  0.203681 
1.522141  1.152013 
0.634602  0.686300 
1.184179  0.277291 
0.600299  1.737480 
0.268075  1.067721 
1.840938  1.965575 
1.379070  1.415754 
0.554765  0.147221 
1.070833  0.008728 
0.634297  1.743278 
0.548173  1.471480 
0.487259  1.683828 
1.560839  1.934996 
0.580828  0.985748 
1.521409  1.765130 
1.117038  1.811335 
1.481124  0.205329 
0.785119  0.046632 
1.655690  1.240577 
0.471755  0.155828 
1.965575  1.965087 
0.636982  0.741905 
0.669393  1.346355 
1.377361  1.777825 
0.060121  0.870327 
0.142705  0.192328 
0.516373  0.905911 
0.311655  1.393841 
0.181524  0.918180 
0.802087  1.688101 
1.959227  1.732719 
1.529466  1.153966 
1.137425  1.912107 
0.525163  1.537889 
1.954283  1.309488 
1.527757  0.730918 
0.417371  1.859676 
1.859004  0.389782 
1.690359  0.670980 
1.397687  0.265511 
1.357036  1.480880 
0.464003  1.801141 
0.878262  1.536790 
1.425947  0.561785 
0.551836  1.965636 
1.841060  0.059023 
0.289377  0.694052 
1.946226  0.532487 
1.521531  1.981628 
0.307199  1.250710 
0.545061  1.630360 
0.440992  1.894345 
0.623737  1.932127 
0.223151  1.583666 
1.155553  1.416669 
1.218604  1.463729 
1.469161  0.955962 
1.809015  0.839808 
1.386883  0.599628 
0.082156  0.224311 
1.171850  1.777032 
1.910764  1.785699 
1.960387  1.154088 
0.071108  1.871029 
1.680654  1.037141 
0.372021  1.871761 
0.706198  1.662160 
0.794580  1.628529 
1.649525  0.329966 
0.123783  0.039979 
0.238777  0.915189 
0.033753  1.139744 
1.720573  1.429670 
1.505539  1.995666 
0.390698  0.553301 
0.188971  1.410504 
0.863369  1.644154 
1.409833  0.209540 
1.257179  1.561815 
1.941588  1.014557 
1.880428  1.863094 
0.669210  1.503098 
1.700674  0.642232 
1.319193  1.470077 
1.412641  0.577776 
0.567461  1.751335 
0.915860  1.749504 
1.840205  0.073733 
0.015198  0.786706 
0.117130  1.893307 
0.156377  0.911893 
0.052431  1.283731 
0.009217  0.440687 
0.723594  1.939268 
0.711203  0.301584 
1.322367  1.352214 
1.583300  0.138127 
1.099094  0.229133 
0.131291  1.554857 
1.874081  0.208441 
1.144810  0.070681 
0.426832  1.940001 
0.706015  0.342235 
1.078280  0.591571 
1.921873  0.218207 
1.775079  0.843471 
0.190069  0.189215 
1.991760  0.433241 
0.814600  1.794183 
1.761040  0.314402 
0.779565  1.546251 
0.145817  0.490677 
1.496933  1.941099 
0.465163  1.588244 
0.338878  0.109073 
0.586077  1.229225 
1.768059  1.675588 
1.595080  1.268410 
1.877377  0.389233 
0.899686  0.085025 
1.275430  0.534196 
0.060121  1.199438 
0.758263  1.767632 
1.261513  0.397717 
1.605945  1.348491 
1.366008  0.537797 
1.469039  1.975219 
1.638539  0.860134 
0.289743  0.528947 
1.792596  0.361461 
1.664480  1.459944 
1.760430  0.398816 
1.486740  0.556413 
0.473830  1.169286 
1.873348  1.235084 
1.381939  0.236518 
0.813440  1.581408 
0.458876  0.156438 
1.374920  0.097537 
0.407483  1.175695 
1.382061  1.416852 
1.791253  0.910367 
0.789697  0.550127 
0.748131  1.691702 
0.759362  1.620411 
0.043031  1.959960 
0.609577  1.505478 
0.289438  0.888882 
1.137974  0.544389 
1.976012  1.391827 
1.023530  0.458205 
0.261422  0.239998 
0.009339  0.975494 
0.085757  1.235817 
1.822443  0.514237 
0.399243  1.916318 
1.688162  0.887112 
0.296274  0.401257 
0.037172  1.432295 
1.715201  0.633198 
0.615864  1.651784 
1.009613  0.288461 
1.805353  0.295541 
1.119602  1.801080 
1.761711  1.941465 
1.175939  0.033265 
1.132847  1.755486 
0.314341  1.786126 
1.639637  1.131565 
0.922819  1.473251 
0.872768  0.052126 
1.789239  1.524766 
0.160527  1.677969 
0.994781  0.006531 
1.376568  1.174535 
1.684744  0.558245 
1.376446  1.651662 
0.499161  0.350352 
0.375988  0.279061 
1.476608  1.623768 
1.583483  0.640339 
1.242714  1.373333 
0.397839  0.386975 
0.296823  0.738975 
0.486282  0.256600 
0.208319  0.665975 
1.053133  1.516587 
1.535752  1.397443 
0.612201  1.895505 
0.281320  0.361156 
1.576281  1.066317 
1.693045  0.013794 
0.974944  1.742119 
1.226417  0.204230 
1.614002  1.447676 
1.479720  0.619221 
0.913724  1.873531 
0.264290  0.967864 
0.633076  1.547960 
0.795862  0.550249 
1.365947  1.962706 
0.200323  0.926054 
0.865505  0.399426 
1.634266  1.739494 
1.036897  0.179144 
1.026215  0.529740 
0.286752  0.008728 
1.475631  1.339763 
1.464095  1.408795 
1.218482  0.067812 
0.054506  1.379864 
1.878780  0.964019 
1.817438  1.833491 
0.390942  0.509354 
0.161138  0.840236 
1.933897  0.157964 
1.278359  0.616108 
1.274636  1.977905 
0.749168  0.041017 
1.600879  0.856532 
1.560595  0.206122 
0.483657  0.546464 
0.057619  0.268319 
0.875088  1.923154 
1.419599  0.272958 
0.202155  0.776635 
1.188452  1.475997 
1.258400  1.334391 
1.761834  0.739158 
0.771142  0.284371 
0.486160  1.725333 
1.266335  1.492172 
1.395917  1.557176 
1.607349  0.401013 
0.549883  1.426374 
1.088534  1.444929 
0.694113  1.951231 
0.285775  0.604144 
1.763543  0.699301 
1.379986  1.685232 
0.292856  1.203650 
1.359050  1.963317 
0.738853  0.247871 
0.412000  0.251045 
1.523789  0.983795 
0.826807  1.455428 
1.615223  0.443251 
0.704062  0.685446 
0.452895  1.007172 
1.800531  0.972869 
1.036042  0.394116 
1.813105  1.669362 
0.982757  1.730705 
0.417310  1.580981 
1.375530  0.266854 
1.372234  1.904538 
0.203436  0.297983 
0.003845  1.026032 
0.215155  0.856349 
0.380322  0.246162 
1.994385  1.734916 
1.490768  0.493057 
0.070193  0.405591 
0.875820  1.394574 
0.076235  0.613544 
0.366405  0.676656 
0.110599  0.652730 
0.140690  0.723472 
1.666433  0.270577 
0.638325  0.556047 
0.055361  1.853450 
0.410169  1.370769 
0.146367  1.197913 
1.856502  1.596667 
0.762474  0.503800 
1.370891  0.073489 
0.322581  0.698813 
0.616779  1.472091 
0.933073  0.327464 
0.027955  0.313608 
0.509781  1.920957 
0.345164  1.864071 
1.638661  0.202948 
1.200232  0.073977 
0.357738  0.158086 
1.550523  0.718223 
1.003143  0.314524 
0.291391  0.400281 
1.637623  1.185583 
1.905942  1.221717 
1.135655  1.933714 
0.548051  0.795679 
1.431990  1.431501 
0.569842  0.156987 
0.149663  1.627125 
0.674947  0.551408 
0.482376  1.147862 
1.357097  0.369274 
0.642476  0.204901 
0.436903  1.786798 
0.188849  0.861171 
0.508194  1.675832 
1.545396  1.724662 
1.107028  0.346873 
0.023804  1.130467 
1.416364  0.685812 
0.662984  1.873775 
0.317820  1.247963 
1.196509  1.555101 
1.604053  1.871395 
1.462447  1.602771 
1.163182  1.372723 
0.566485  1.032380 
1.949278  1.887204 
0.112003  0.007874 
1.549547  1.415693 
0.162358  1.141270 
0.770775  0.464125 
1.797784  1.078280 
0.825037  1.522080 
0.512650  0.615070 
1.127110  0.007508 
0.494583  1.514573 
0.412671  0.640034 
1.804743  1.933836 
0.187994  1.968566 
0.594134  1.026032 
1.174230  0.287545 
1.605029  0.686850 
0.318308  1.854549 
1.769524  0.007508 
1.683401  1.469771 
1.529466  0.482681 
0.899014  0.286508 
1.916074  1.345805 
0.018555  0.362926 
1.494797  0.845851 
1.829096  0.940825 
0.908719  1.633839 
1.649953  1.965026 
1.444624  1.996033 
1.576891  1.510971 
1.533372  1.428816 
0.544633  1.719108 
0.843837  1.883969 
1.445296  1.941832 
0.233955  1.042634 
1.470565  0.897671 
1.666311  1.662709 
1.410138  0.026978 
0.390759  0.280282 
1.797479  0.304941 
1.715445  1.073458 
1.965880  1.607044 
1.075228  0.455580 
1.079440  1.552721 
0.179754  1.914670 
1.591601  1.727470 
1.385235  0.519608 
0.672628  1.481002 
1.941893  0.517838 
1.109653  0.201788 
1.841182  0.620136 
0.859279  0.412366 
1.944090  0.767357 
1.069124  1.769890 
0.086612  1.167333 
0.968291  0.029054 
1.677175  0.576556 
0.342723  0.665181 
0.791101  0.265572 
1.890011  1.059420 
1.863948  0.190802 
0.952666  0.548112 
1.793756  1.936338 
0.943510  1.397687 
1.266762  1.987426 
1.774651  0.767663 
1.117771  1.899045 
1.602466  0.724631 
0.538652  0.920927 
1.202307  0.369457 
0.946623  1.642445 
0.325266  0.219001 
0.061281  1.353496 
1.850826  1.744072 
1.616077  0.326914 
1.264321  0.441053 
1.586230  0.279733 
0.346141  1.103610 
0.769005  0.536454 
0.211188  1.450179 
0.360912  0.494766 
0.247749  1.266335 
0.154851  0.327403 
0.282235  1.038301 
1.794366  0.796289 
1.951781  1.086459 
1.624256  1.950072 
0.861354  0.342601 
0.607746  0.622333 
0.339305  0.334727 
0.622944  0.793237 
0.602313  0.941069 
1.450240  1.877010 
0.143376  1.476363 
1.763359  0.997101 
1.155126  1.672475 
0.437941  0.313181 
1.800348  0.116337 
1.487777  1.460677 
0.943205  0.165777 
1.551256  0.695090 
0.387707  0.866543 
1.633534  0.033876 
1.794061  1.433454 
1.344768  1.355632 
0.388379  0.194647 
0.760521  0.013977 
1.684439  0.527970 
0.990448  1.950743 
1.045747  1.777398 
0.699179  0.082705 
1.987854  1.596667 
1.324625  1.898618 
1.640126  0.813135 
0.736900  1.729728 
0.180853  0.373486 
0.652242  1.760796 
0.057253  0.933378 
0.112308  0.840175 
1.802911  0.654744 
0.343150  1.154576 
0.265511  1.772637 
1.304788  1.828120 
0.057558  1.493454 
1.245766  1.511155 
0.041749  1.788812 
1.572985  1.018708 
1.664357  1.645070 
0.351329  0.083071 
0.948454  0.333750 
1.708243  1.202429 
0.560015  0.973418 
1.253761  1.912839 
0.251167  0.842982 
1.585437  0.788232 
0.939299  0.058168 
0.433119  1.769036 
0.413709  1.420087 
1.887204  0.104617 
1.364360  0.543107 
1.049959  1.648976 
1.746391  0.012207 
1.816645  0.768517 
0.096683  1.927000 
1.071505  0.316660 
1.790216  1.007416 
1.648427  0.229316 
1.829646  1.435774 
1.601428  1.167211 
0.177862  0.247261 
1.058077  1.598865 
1.966247  1.167638 
0.835108  0.469924 
1.297220  1.689322 
0.683370  1.813776 
1.212867  0.260994 
1.531419  1.021882 
0.008179  1.588977 
1.488021  0.084780 
1.759331  0.301096 
0.137211  0.756188 
0.174505  0.905606 
0.319590  0.559465 
1.483383  1.514695 
0.811731  0.348094 
1.654836  0.392285 
1.991089  1.408612 
0.572466  1.658437 
1.186499  1.688833 
1.588977  0.665975 
1.105380  1.767022 
1.869259  0.222419 
1.420698  1.340190 
1.174535  1.485824 
0.330699  1.794794 
0.401257  1.600269 
1.904172  1.421796 
0.185369  1.131565 
0.022706  0.838771 
0.260872  0.536699 
1.826472  0.627766 
0.144658  1.033723 
1.440962  1.815546 
0.444960  0.670980 
0.527909  1.718131 
1.766106  0.062136 
0.966521  0.539079 
0.155339  1.188818 
1.888974  1.906308 
1.321635  0.235115 
0.331248  1.586901 
0.026734  0.570208 
0.900052  0.380749 
0.476333  1.731681 
1.159642  0.272164 
1.531724  0.155889 
1.492050  1.606616 
0.720603  0.545366 
1.132481  0.225105 
0.271126  1.503830 
0.665487  0.686789 
0.848781  0.449355 
0.094119  0.702231 
0.605304  1.650380 
1.443037  0.710532 
1.685354  1.287088 
1.328166  0.391675 
1.463912  0.989410 
0.595294  1.002777 
1.787774  1.362590 
1.992553  1.608875 
0.533403  0.563128 
0.793786  1.989135 
1.467940  0.250435 
0.006470  0.145146 
1.355571  0.304880 
0.335704  0.746666 
1.584643  1.114963 
0.620869  0.123844 
1.618213  1.929014 
1.204016  1.989990 
1.098910  0.472549 
1.948607  0.634663 
0.517899  0.190802 
0.761925  0.606159 
0.419507  1.885800 
0.934843  1.943419 
1.953001  1.309793 
0.584613  1.279641 
0.687399  0.078616 
1.782830  1.871700 
0.496048  1.465011 
0.487869  1.262062 
1.515305  1.714774 
0.487564  1.464583 
0.355174  0.694174 
0.217963  0.304636 
0.229682  0.421583 
1.377667  0.616657 
1.471541  1.510605 
1.624622  1.462813 
1.785577  1.171361 
1.352763  0.587848 
0.156926  0.789575 
0.382824  1.597583 
1.566881  1.028230 
0.906522  0.374279 
1.993835  0.073733 
0.998016  1.794549 
0.512406  0.589801 
0.003357  0.809107 
0.302683  1.939940 
0.122196  0.949065 
1.381573  1.242347 
1.492721  0.320383 
0.869533  1.819819 
1.093295  0.149052 
1.605640  0.605548 
0.773156  1.939268 
0.724021  0.307932 
0.389843  1.228187 
1.706351  1.557176 
0.354869  1.292703 
0.341014  1.047395 
0.064455  0.533158 
0.781091  1.434065 
1.209510  1.905515 
1.686819  0.013001 
1.527635  0.956145 
1.394269  0.342601 
0.892239  1.675344 
1.996399  1.737724 
1.597034  1.408612 
0.886013  1.474044 
0.378796  1.469832 
0.346019  1.573229 
0.413038  1.062716 
0.406140  1.099277 
0.048036  1.522446 
0.921354  1.906064 
0.465163  0.075137 
0.901212  1.899411 
0.143071  1.696219 
1.186926  0.256172 
1.450789  0.580462 
0.288156  1.162694 
1.681814  0.289438 
0.193487  1.635365 
1.842891  0.636128 
1.964721  1.985473 
1.508347  0.370922 
1.929807  0.491775 
1.054048  1.730705 
0.285592  0.842006 
1.582385  1.913327 
0.923551  1.906125 
1.850948  1.541246 
0.289682  0.405164 
