1.967833 	1.693472 	1	0	0	
0.343944 	0.651265 	0	1	0	
0.729148 	1.166906 	0	0	1	
1.827143 	0.963958 	1	0	0	
0.086428 	0.462783 	1	0	0	
1.074190 	0.103763 	1	0	0	
1.168737 	0.277230 	0	1	0	
0.747765 	0.829676 	0	0	1	
0.457839 	1.888241 	1	0	0	
1.843196 	0.668722 	1	0	0	
0.834742 	1.267067 	0	0	1	
1.603442 	1.419965 	0	1	0	
1.317057 	1.116062 	0	0	1	
1.657338 	1.990967 	1	0	0	
0.800317 	0.893704 	0	0	1	
0.192572 	1.128269 	1	0	0	
0.116153 	1.891537 	1	0	0	
0.976409 	1.605335 	0	1	0	
1.718925 	1.423383 	1	0	0	
1.036653 	0.429518 	0	1	0	
1.313517 	1.191382 	0	0	1	
1.815119 	0.631794 	1	0	0	
0.738182 	1.889340 	1	0	0	
1.606494 	1.200232 	0	1	0	
0.412366 	1.107150 	0	1	0	
0.094546 	0.720969 	1	0	0	
0.664510 	0.599200 	0	1	0	
0.798975 	1.288736 	0	0	1	
0.250496 	1.977477 	1	0	0	
0.244087 	0.249092 	1	0	0	
1.376629 	0.893460 	0	0	1	
1.663625 	0.335643 	1	0	0	
1.538682 	0.771081 	0	1	0	
0.052431 	1.763787 	1	0	0	
1.489914 	0.152532 	1	0	0	
0.378979 	0.844264 	0	1	0	
1.650258 	0.719871 	0	1	0	
1.769829 	0.678854 	1	0	0	
0.270150 	0.055116 	1	0	0	
1.479537 	0.500443 	0	1	0	
1.659902 	0.201239 	1	0	0	
1.458785 	1.220130 	0	1	0	
1.798273 	0.085818 	1	0	0	
1.331767 	1.743645 	1	0	0	
1.632801 	0.871364 	0	1	0	
0.596576 	1.620350 	0	1	0	
1.383526 	0.292917 	1	0	0	
1.861141 	0.586322 	1	0	0	
0.163518 	1.047578 	1	0	0	
1.926145 	0.564653 	1	0	0	
0.228156 	1.296243 	1	0	0	
0.528520 	0.685080 	0	1	0	
0.165532 	0.341624 	1	0	0	
1.557787 	0.886013 	0	1	0	
0.341380 	1.544908 	1	0	0	
0.556780 	0.660604 	0	1	0	
0.909757 	1.542161 	0	1	0	
1.321024 	0.510331 	0	1	0	
1.703238 	1.825190 	1	0	0	
1.407270 	0.667867 	0	1	0	
0.313913 	1.747490 	1	0	0	
1.365642 	0.651814 	0	1	0	
1.678823 	1.018464 	0	1	0	
1.506333 	0.216559 	1	0	0	
1.481429 	0.748802 	0	1	0	
1.013825 	1.258400 	0	0	1	
0.682272 	1.108860 	0	0	1	
1.222083 	1.241676 	0	0	1	
1.490707 	0.662679 	0	1	0	
1.861324 	1.706900 	1	0	0	
0.090884 	1.440962 	1	0	0	
0.090762 	0.423292 	1	0	0	
0.433973 	0.813807 	0	1	0	
1.129002 	0.748375 	0	0	1	
0.409192 	0.227790 	1	0	0	
0.293588 	0.757286 	0	1	0	
0.706565 	1.868099 	1	0	0	
1.264748 	1.703604 	0	1	0	
1.683035 	1.308878 	0	1	0	
0.382824 	0.375439 	1	0	0	
0.545610 	1.215125 	0	1	0	
1.794671 	0.908109 	0	1	0	
0.163213 	0.157292 	1	0	0	
1.258889 	0.616047 	0	1	0	
1.819636 	1.601489 	1	0	0	
1.424909 	1.407636 	0	1	0	
1.220496 	1.138401 	0	0	1	
0.396435 	1.343730 	0	1	0	
0.067019 	1.012909 	1	0	0	
0.392956 	1.903562 	1	0	0	
0.508560 	0.016907 	1	0	0	
0.321299 	1.520188 	1	0	0	
0.785791 	1.807794 	1	0	0	
1.069613 	0.947966 	0	0	1	
1.378948 	1.715262 	1	0	0	
1.336955 	1.024384 	0	0	1	
1.971801 	1.099338 	1	0	0	
0.810022 	0.389111 	0	1	0	
0.544572 	1.320963 	0	1	0	
0.500748 	1.722709 	1	0	0	
0.908597 	0.388867 	0	1	0	
1.055696 	0.066774 	1	0	0	
1.994201 	0.344737 	1	0	0	
0.851161 	1.789544 	1	0	0	
1.205908 	0.448500 	0	1	0	
0.685751 	1.757500 	1	0	0	
1.155980 	0.228095 	0	1	0	
0.883511 	1.277383 	0	0	1	
0.089175 	1.453841 	1	0	0	
1.618824 	0.369701 	1	0	0	
1.312113 	1.101535 	0	0	1	
0.277230 	0.937162 	0	1	0	
1.938231 	0.366771 	1	0	0	
0.664022 	0.389538 	0	1	0	
0.262398 	1.791803 	1	0	0	
1.872188 	0.288705 	1	0	0	
0.076418 	1.568529 	1	0	0	
1.623402 	1.575549 	1	0	0	
1.238746 	1.079989 	0	0	1	
1.894894 	0.940947 	1	0	0	
0.810083 	0.742210 	0	0	1	
1.642628 	1.904538 	1	0	0	
0.068728 	0.209601 	1	0	0	
0.435682 	1.162145 	0	1	0	
1.716910 	0.005921 	1	0	0	
1.813044 	1.766350 	1	0	0	
0.590289 	0.643941 	0	1	0	
0.174993 	1.700369 	1	0	0	
0.185553 	0.295236 	1	0	0	
0.023133 	1.409833 	1	0	0	
0.315134 	1.074068 	0	1	0	
1.359722 	0.853664 	0	0	1	
0.204596 	0.996185 	0	1	0	
0.060060 	1.637501 	1	0	0	
0.343211 	1.676748 	1	0	0	
1.030061 	0.790613 	0	0	1	
1.401471 	0.828089 	0	1	0	
0.961211 	1.751274 	0	1	0	
1.526780 	1.621998 	1	0	0	
0.495987 	1.120273 	0	1	0	
0.331431 	1.976379 	1	0	0	
0.615802 	0.747642 	0	1	0	
0.884060 	1.831233 	1	0	0	
1.063875 	1.712821 	0	1	0	
0.017090 	1.475143 	1	0	0	
1.616382 	1.762932 	1	0	0	
0.263924 	0.984771 	0	1	0	
0.012879 	0.769616 	1	0	0	
1.736930 	1.840449 	1	0	0	
1.360393 	1.768731 	1	0	0	
1.259438 	0.779870 	0	0	1	
0.821680 	0.143742 	1	0	0	
1.064547 	0.952727 	0	0	1	
0.401868 	0.517045 	0	1	0	
0.372143 	0.438368 	1	0	0	
1.645009 	1.910154 	1	0	0	
0.158025 	1.189673 	1	0	0	
1.052950 	0.735923 	0	0	1	
0.426222 	0.464614 	0	1	0	
0.040040 	0.185980 	1	0	0	
0.298532 	1.809259 	1	0	0	
0.235176 	1.574389 	1	0	0	
0.232185 	1.653310 	1	0	0	
1.943480 	0.201056 	1	0	0	
0.679647 	0.582171 	0	1	0	
0.581439 	1.297830 	0	1	0	
0.501419 	1.347026 	0	1	0	
0.897122 	0.617939 	0	0	1	
1.446394 	0.675130 	0	1	0	
1.787408 	1.233680 	1	0	0	
0.009827 	0.944487 	1	0	0	
1.525681 	1.102451 	0	1	0	
0.984161 	0.783227 	0	0	1	
0.212775 	0.966155 	0	1	0	
0.012207 	0.657979 	1	0	0	
1.262307 	1.143834 	0	0	1	
1.458052 	0.512894 	0	1	0	
0.733604 	0.782128 	0	0	1	
0.906095 	1.521531 	0	1	0	
0.325632 	0.125065 	1	0	0	
0.601703 	1.014924 	0	0	1	
0.842860 	1.366008 	0	0	1	
1.145909 	0.648152 	0	0	1	
1.946409 	0.643452 	1	0	0	
1.756340 	0.866970 	0	1	0	
1.002899 	0.745201 	0	0	1	
0.407056 	1.738395 	1	0	0	
0.843654 	1.080599 	0	0	1	
0.159917 	1.206641 	1	0	0	
1.246315 	0.485611 	0	1	0	
0.999969 	0.837550 	0	0	1	
1.951720 	1.422712 	1	0	0	
1.486435 	0.113895 	1	0	0	
0.028077 	1.136692 	1	0	0	
1.534043 	1.343791 	0	1	0	
1.396405 	0.331248 	0	1	0	
0.634419 	0.244575 	1	0	0	
1.326823 	0.926786 	0	0	1	
0.831996 	0.265816 	0	1	0	
1.721915 	1.462996 	1	0	0	
0.766442 	1.712333 	0	1	0	
1.996216 	1.708548 	1	0	0	
0.093509 	1.730827 	1	0	0	
1.366985 	1.040254 	0	0	1	
0.598041 	0.222114 	1	0	0	
1.366863 	0.154241 	1	0	0	
1.309854 	1.742119 	1	0	0	
0.391980 	0.671529 	0	1	0	
1.936888 	0.452712 	1	0	0	
1.097812 	0.201056 	1	0	0	
1.927183 	0.187017 	1	0	0	
0.454970 	1.421552 	0	1	0	
1.471664 	0.689596 	0	1	0	
1.277932 	0.746300 	0	0	1	
1.761406 	0.094974 	1	0	0	
1.038484 	1.131565 	0	0	1	
0.811121 	0.707724 	0	0	1	
0.777551 	0.592792 	0	1	0	
0.161626 	0.144780 	1	0	0	
1.926267 	0.989837 	1	0	0	
0.773522 	0.904386 	0	0	1	
1.850276 	0.644368 	1	0	0	
1.424787 	0.422803 	0	1	0	
1.929380 	1.351848 	1	0	0	
1.925169 	0.682028 	1	0	0	
0.984100 	1.350688 	0	0	1	
0.458937 	1.430769 	0	1	0	
1.863216 	0.810633 	1	0	0	
1.369732 	0.080935 	1	0	0	
0.003235 	1.403180 	1	0	0	
0.698202 	0.343211 	0	1	0	
1.773797 	0.516984 	1	0	0	
1.787469 	0.662313 	1	0	0	
1.419782 	1.679861 	0	1	0	
0.266121 	0.516068 	1	0	0	
0.414441 	1.750114 	1	0	0	
0.723899 	1.640736 	0	1	0	
0.034913 	0.440809 	1	0	0	
0.390149 	0.243538 	1	0	0	
0.972503 	0.737449 	0	0	1	
0.129337 	1.267251 	1	0	0	
0.790979 	1.773675 	1	0	0	
0.065432 	0.766625 	1	0	0	
1.045320 	0.725425 	0	0	1	
0.147465 	1.462142 	1	0	0	
0.872463 	1.288553 	0	0	1	
0.969146 	1.530625 	0	1	0	
0.867580 	1.299478 	0	0	1	
1.154759 	1.697623 	0	1	0	
0.057985 	1.063814 	1	0	0	
0.624287 	0.692770 	0	1	0	
1.787286 	0.954375 	0	1	0	
0.049379 	0.130680 	1	0	0	
1.321818 	1.840999 	1	0	0	
1.813959 	0.880581 	1	0	0	
0.992584 	0.914884 	0	0	1	
0.790307 	1.986206 	1	0	0	
1.685049 	0.470290 	1	0	0	
0.245186 	0.199225 	1	0	0	
0.488296 	0.205573 	1	0	0	
1.186316 	1.189062 	0	0	1	
1.317728 	0.605976 	0	1	0	
0.463332 	0.489517 	0	1	0	
0.322398 	1.971557 	1	0	0	
1.935179 	1.247719 	1	0	0	
0.890103 	0.651448 	0	0	1	
0.015870 	0.835536 	1	0	0	
0.062685 	1.048433 	1	0	0	
1.912595 	1.386700 	1	0	0	
1.174108 	0.954741 	0	0	1	
1.866512 	0.322642 	1	0	0	
0.523331 	0.782983 	0	1	0	
1.711234 	1.929197 	1	0	0	
0.895230 	0.253731 	0	1	0	
1.059236 	0.045412 	1	0	0	
1.741325 	1.103122 	0	1	0	
1.430036 	0.930143 	0	1	0	
0.833644 	1.371685 	0	1	0	
1.632496 	0.365001 	1	0	0	
1.203162 	1.838496 	1	0	0	
0.713034 	0.059206 	1	0	0	
0.176214 	0.161992 	1	0	0	
1.783258 	1.417463 	1	0	0	
0.321299 	1.290567 	0	1	0	
1.038423 	1.733268 	0	1	0	
1.117893 	1.704459 	0	1	0	
1.280740 	0.871059 	0	0	1	
1.160924 	0.053163 	1	0	0	
0.257820 	1.499008 	1	0	0	
1.713065 	1.749443 	1	0	0	
1.131077 	0.934538 	0	0	1	
1.416303 	0.082522 	1	0	0	
1.385052 	1.666494 	0	1	0	
0.977325 	1.414106 	0	1	0	
1.490768 	0.614704 	0	1	0	
1.637318 	1.017914 	0	1	0	
1.635426 	0.191229 	1	0	0	
0.239204 	1.127293 	0	1	0	
1.831111 	1.224219 	1	0	0	
0.706198 	1.751640 	1	0	0	
1.714713 	0.807581 	0	1	0	
0.741417 	1.824946 	1	0	0	
1.352153 	1.139500 	0	0	1	
1.564135 	1.249428 	0	1	0	
1.358318 	0.411023 	0	1	0	
1.492477 	1.395367 	0	1	0	
1.646779 	1.808527 	1	0	0	
1.187475 	0.620991 	0	1	0	
1.120090 	1.691397 	0	1	0	
1.368450 	0.374462 	0	1	0	
1.614734 	1.008515 	0	1	0	
0.814722 	0.440077 	0	1	0	
0.411695 	1.015351 	0	1	0	
1.464339 	0.891446 	0	1	0	
0.626728 	1.353984 	0	1	0	
0.422864 	1.314859 	0	1	0	
1.791437 	1.559557 	1	0	0	
1.695669 	0.863613 	0	1	0	
1.938536 	0.054323 	1	0	0	
1.453963 	1.708182 	1	0	0	
1.503403 	1.693167 	1	0	0	
1.650136 	1.441939 	0	1	0	
0.354808 	1.921751 	1	0	0	
1.791681 	1.007965 	0	1	0	
0.266610 	0.610858 	1	0	0	
1.689077 	1.706473 	1	0	0	
0.143559 	1.629017 	1	0	0	
0.987945 	1.847652 	1	0	0	
0.313913 	1.215552 	0	1	0	
0.299203 	0.611286 	1	0	0	
1.199988 	1.217383 	0	0	1	
1.739494 	1.676077 	1	0	0	
0.681173 	0.251167 	1	0	0	
1.693899 	0.180303 	1	0	0	
1.460311 	0.854274 	0	1	0	
1.614246 	1.578295 	1	0	0	
0.746361 	1.685659 	0	1	0	
1.664846 	1.952330 	1	0	0	
1.566332 	0.841090 	0	1	0	
1.028230 	0.345470 	0	1	0	
0.018372 	1.343425 	1	0	0	
1.683889 	0.675985 	0	1	0	
1.779107 	0.871181 	0	1	0	
1.471847 	1.795709 	1	0	0	
0.176519 	0.788537 	1	0	0	
1.254189 	1.256020 	0	0	1	
1.143101 	0.537553 	0	1	0	
1.986511 	1.343547 	1	0	0	
1.359111 	0.457350 	0	1	0	
0.511979 	0.947417 	0	1	0	
0.900479 	1.090609 	0	0	1	
1.891171 	1.821223 	1	0	0	
0.702902 	0.041322 	1	0	0	
1.078280 	0.801782 	0	0	1	
0.154790 	0.445997 	1	0	0	
1.759026 	0.548173 	1	0	0	
1.131870 	0.119938 	1	0	0	
1.160009 	0.361827 	0	1	0	
1.785333 	1.442610 	1	0	0	
0.643880 	1.651967 	0	1	0	
0.396496 	1.043306 	0	1	0	
0.902005 	1.607349 	0	1	0	
0.610920 	1.350200 	0	1	0	
1.557054 	1.638173 	1	0	0	
0.362804 	1.065157 	0	1	0	
1.988525 	0.149785 	1	0	0	
1.804437 	0.627033 	1	0	0	
1.193335 	0.210883 	1	0	0	
0.551164 	1.725578 	1	0	0	
1.494369 	1.678518 	1	0	0	
1.556261 	0.928312 	0	1	0	
1.908261 	0.343028 	1	0	0	
1.925840 	0.483901 	1	0	0	
1.987060 	1.655141 	1	0	0	
1.988891 	0.363231 	1	0	0	
1.944090 	1.596667 	1	0	0	
0.933317 	0.601459 	0	1	0	
1.877987 	0.259468 	1	0	0	
0.320627 	0.003296 	1	0	0	
1.906674 	0.693136 	1	0	0	
1.792352 	0.274300 	1	0	0	
0.024110 	0.584796 	1	0	0	
0.279916 	1.640004 	1	0	0	
1.492050 	1.333720 	0	1	0	
1.032014 	1.016205 	0	0	1	
0.579546 	0.082827 	1	0	0	
1.769219 	0.792444 	0	1	0	
0.462783 	1.269631 	0	1	0	
0.281503 	1.291299 	0	1	0	
0.097110 	1.259316 	1	0	0	
0.779015 	0.965606 	0	0	1	
1.874752 	0.622394 	1	0	0	
1.308939 	1.397137 	0	1	0	
0.879727 	1.619312 	0	1	0	
1.552171 	1.157689 	0	1	0	
1.553453 	1.454390 	0	1	0	
1.310282 	1.597034 	0	1	0	
0.582293 	0.862270 	0	1	0	
0.997589 	0.618061 	0	0	1	
1.820978 	0.588702 	1	0	0	
0.448561 	1.503525 	0	1	0	
0.062929 	1.327860 	1	0	0	
1.354778 	0.855373 	0	0	1	
1.471969 	1.680044 	1	0	0	
1.642994 	0.710532 	0	1	0	
1.484909 	1.690664 	1	0	0	
1.107395 	0.894803 	0	0	1	
0.000855 	0.534379 	1	0	0	
0.607868 	0.676778 	0	1	0	
0.667623 	1.905942 	1	0	0	
0.147588 	1.786431 	1	0	0	
0.077944 	1.680044 	1	0	0	
0.141728 	1.858089 	1	0	0	
1.688955 	1.404645 	0	1	0	
1.190222 	0.362621 	0	1	0	
0.276193 	0.187140 	1	0	0	
0.666585 	0.090335 	1	0	0	
1.736076 	0.539018 	1	0	0	
1.436384 	0.246284 	1	0	0	
0.047548 	0.738670 	1	0	0	
1.016449 	0.222602 	0	1	0	
0.207465 	1.277688 	1	0	0	
0.488052 	0.108219 	1	0	0	
0.949919 	1.950377 	1	0	0	
1.477035 	0.999603 	0	1	0	
0.064394 	1.151097 	1	0	0	
0.511917 	1.175146 	0	1	0	
0.123234 	1.941038 	1	0	0	
1.074435 	1.194555 	0	0	1	
1.432356 	0.446669 	0	1	0	
0.653218 	1.987487 	1	0	0	
0.016480 	1.153111 	1	0	0	
1.114231 	0.992096 	0	0	1	
1.452803 	0.654317 	0	1	0	
1.700186 	0.407300 	1	0	0	
0.363903 	0.422803 	1	0	0	
0.970794 	0.620991 	0	0	1	
0.384472 	0.161565 	1	0	0	
0.997833 	0.876003 	0	0	1	
0.411817 	0.300363 	1	0	0	
0.125919 	0.237190 	1	0	0	
1.955260 	1.199133 	1	0	0	
1.612293 	0.921964 	0	1	0	
1.394940 	1.620655 	0	1	0	
0.458266 	1.056246 	0	1	0	
1.963561 	0.035768 	1	0	0	
1.744499 	0.918790 	0	1	0	
1.263100 	1.322916 	0	1	0	
0.782311 	1.736503 	0	1	0	
1.129734 	0.424207 	0	1	0	
0.394604 	1.092746 	0	1	0	
1.657888 	1.521836 	1	0	0	
1.637379 	0.011597 	1	0	0	
0.198065 	0.295907 	1	0	0	
1.275796 	1.780572 	1	0	0	
1.139012 	1.827204 	1	0	0	
0.326487 	1.573595 	1	0	0	
1.288003 	1.706717 	0	1	0	
0.978545 	0.937651 	0	0	1	
0.660970 	0.914579 	0	0	1	
0.206000 	0.205329 	1	0	0	
1.495712 	0.031800 	1	0	0	
1.384503 	0.895413 	0	0	1	
1.299661 	1.345561 	0	1	0	
0.224006 	1.163976 	0	1	0	
0.745811 	0.411695 	0	1	0	
0.330699 	0.369396 	1	0	0	
0.228706 	1.637867 	1	0	0	
0.709983 	1.812922 	1	0	0	
1.892880 	1.446821 	1	0	0	
0.523576 	1.717032 	1	0	0	
0.946440 	1.585986 	0	1	0	
1.413312 	1.505295 	0	1	0	
1.072848 	0.143010 	1	0	0	
0.702963 	1.445235 	0	1	0	
1.752068 	0.831263 	0	1	0	
1.792657 	0.716575 	1	0	0	
0.304819 	0.107181 	1	0	0	
1.056124 	1.968566 	1	0	0	
0.472304 	0.682394 	0	1	0	
1.555162 	1.427290 	0	1	0	
0.342601 	0.992340 	0	1	0	
0.882107 	0.616779 	0	1	0	
1.438276 	1.185400 	0	1	0	
1.445051 	0.755821 	0	1	0	
1.775994 	1.192846 	0	1	0	
0.505387 	1.892819 	1	0	0	
0.711570 	1.444380 	0	1	0	
0.283151 	1.841548 	1	0	0	
0.382580 	1.789911 	1	0	0	
1.440352 	0.980377 	0	1	0	
1.561144 	1.191504 	0	1	0	
0.255806 	1.977172 	1	0	0	
0.729331 	1.746757 	0	1	0	
0.804834 	0.502029 	0	1	0	
0.189825 	1.607410 	1	0	0	
0.453749 	1.991821 	1	0	0	
0.024049 	0.354076 	1	0	0	
1.984802 	0.526749 	1	0	0	
1.710868 	1.391583 	1	0	0	
0.661336 	0.883877 	0	0	1	
0.217048 	0.925199 	0	1	0	
1.547899 	1.827998 	1	0	0	
0.374279 	0.082522 	1	0	0	
1.395734 	1.703787 	1	0	0	
0.352428 	1.741569 	1	0	0	
0.407849 	0.391247 	1	0	0	
0.043825 	0.628437 	1	0	0	
0.195624 	0.686666 	1	0	0	
1.170080 	0.247810 	0	1	0	
1.238441 	1.172094 	0	0	1	
0.923368 	1.206946 	0	0	1	
0.160649 	1.635365 	1	0	0	
1.956786 	0.497330 	1	0	0	
0.137211 	1.103732 	1	0	0	
0.533219 	0.295785 	1	0	0	
0.740257 	1.553026 	0	1	0	
1.648244 	1.847468 	1	0	0	
0.540239 	1.355083 	0	1	0	
0.937040 	0.993255 	0	0	1	
0.772851 	1.526231 	0	1	0	
0.180181 	0.904691 	1	0	0	
1.385479 	0.838527 	0	1	0	
0.218268 	0.588031 	1	0	0	
1.774651 	0.857448 	0	1	0	
0.090335 	0.720298 	1	0	0	
1.527390 	0.967437 	0	1	0	
0.206610 	1.380047 	1	0	0	
1.479110 	0.448195 	0	1	0	
0.369640 	1.235206 	0	1	0	
0.400525 	1.664541 	1	0	0	
0.454787 	0.750267 	0	1	0	
1.625721 	1.431684 	0	1	0	
0.564104 	0.975738 	0	1	0	
0.934050 	0.619098 	0	0	1	
0.464858 	0.481582 	0	1	0	
1.999084 	1.055330 	1	0	0	
1.126072 	1.998657 	1	0	0	
0.715354 	1.795282 	1	0	0	
0.164922 	1.328532 	1	0	0	
0.717978 	1.814203 	1	0	0	
0.016053 	0.086489 	1	0	0	
1.404584 	1.189489 	0	1	0	
0.635823 	0.838038 	0	0	1	
0.774804 	1.833369 	1	0	0	
1.554247 	0.193060 	1	0	0	
0.398206 	1.838679 	1	0	0	
1.087313 	0.419507 	0	1	0	
0.823878 	0.500748 	0	1	0	
1.521836 	1.138585 	0	1	0	
0.743492 	0.077578 	1	0	0	
0.085025 	1.665273 	1	0	0	
0.221198 	1.350261 	1	0	0	
0.512833 	1.555040 	0	1	0	
1.302347 	1.047151 	0	0	1	
1.026948 	1.920774 	1	0	0	
0.313242 	0.194037 	1	0	0	
1.535691 	1.081332 	0	1	0	
1.165502 	1.451949 	0	1	0	
1.869625 	1.104892 	1	0	0	
1.975951 	0.505936 	1	0	0	
1.864559 	0.809046 	1	0	0	
0.316294 	1.567919 	1	0	0	
1.105136 	1.780511 	0	1	0	
1.403729 	0.053774 	1	0	0	
1.141026 	0.977203 	0	0	1	
0.545244 	0.500504 	0	1	0	
1.987732 	0.474441 	1	0	0	
0.148930 	0.782495 	1	0	0	
1.725761 	1.918149 	1	0	0	
0.613727 	0.692343 	0	1	0	
1.009796 	0.247932 	0	1	0	
1.410566 	1.946837 	1	0	0	
1.300027 	0.252144 	1	0	0	
1.667959 	1.681021 	1	0	0	
0.629109 	0.517045 	0	1	0	
0.573199 	0.493912 	0	1	0	
1.717032 	0.333445 	1	0	0	
0.903348 	1.106723 	0	0	1	
0.245064 	0.122806 	1	0	0	
1.996643 	0.696738 	1	0	0	
0.103763 	0.945219 	1	0	0	
1.478561 	0.970428 	0	1	0	
1.425153 	1.651784 	0	1	0	
0.054140 	1.036287 	1	0	0	
0.212531 	1.244667 	1	0	0	
0.679220 	1.141514 	0	0	1	
1.381634 	1.005951 	0	0	1	
0.422437 	0.334544 	1	0	0	
0.022401 	1.958861 	1	0	0	
0.332347 	0.115482 	1	0	0	
0.698202 	0.223395 	1	0	0	
1.619984 	1.137608 	0	1	0	
1.590747 	1.829463 	1	0	0	
1.470382 	1.022004 	0	1	0	
1.306436 	1.548631 	0	1	0	
0.796350 	0.348033 	0	1	0	
1.154820 	1.308695 	0	0	1	
1.244911 	0.882351 	0	0	1	
0.712302 	0.752525 	0	0	1	
1.771355 	1.108066 	0	1	0	
1.483566 	1.503952 	0	1	0	
0.091128 	1.117771 	1	0	0	
0.472915 	1.703055 	1	0	0	
1.324076 	1.932127 	1	0	0	
0.478835 	0.373669 	1	0	0	
1.141758 	1.306742 	0	0	1	
0.922880 	0.185369 	1	0	0	
1.731864 	1.089816 	0	1	0	
0.027100 	0.172430 	1	0	0	
1.890988 	0.193060 	1	0	0	
0.150945 	0.972259 	1	0	0	
1.559252 	0.238655 	1	0	0	
1.101169 	0.146123 	1	0	0	
0.108585 	1.943846 	1	0	0	
1.226722 	0.144230 	1	0	0	
0.697470 	1.306986 	0	1	0	
1.111423 	0.477615 	0	1	0	
0.004273 	1.656789 	1	0	0	
1.676870 	0.660054 	0	1	0	
1.653005 	0.626606 	0	1	0	
1.507614 	1.481674 	0	1	0	
0.641438 	0.118412 	1	0	0	
1.212012 	1.176977 	0	0	1	
1.087008 	0.315806 	0	1	0	
1.630299 	0.050417 	1	0	0	
0.601032 	1.812006 	1	0	0	
1.703177 	0.120914 	1	0	0	
1.604236 	0.912015 	0	1	0	
0.812586 	1.348918 	0	0	1	
0.896268 	0.174810 	1	0	0	
1.408307 	1.007233 	0	1	0	
1.791986 	1.254616 	1	0	0	
0.731468 	1.760002 	1	0	0	
0.135990 	0.106571 	1	0	0	
1.448897 	1.010285 	0	1	0	
0.509354 	1.617847 	0	1	0	
0.009583 	1.080050 	1	0	0	
1.939329 	1.726859 	1	0	0	
0.536576 	0.784509 	0	1	0	
1.426313 	0.093570 	1	0	0	
1.066683 	1.963927 	1	0	0	
0.599200 	1.382977 	0	1	0	
1.949644 	1.534227 	1	0	0	
1.812616 	0.224128 	1	0	0	
1.221046 	0.620380 	0	1	0	
0.996979 	1.907895 	1	0	0	
0.759423 	1.334086 	0	1	0	
1.576830 	1.885067 	1	0	0	
0.041383 	0.757775 	1	0	0	
0.765954 	0.127934 	1	0	0	
1.307169 	0.699545 	0	1	0	
0.555681 	1.417951 	0	1	0	
0.948210 	0.778710 	0	0	1	
0.705832 	1.620838 	0	1	0	
0.930509 	1.406964 	0	1	0	
0.052858 	1.013337 	1	0	0	
1.065279 	0.225776 	0	1	0	
1.446577 	0.722983 	0	1	0	
1.939879 	0.563982 	1	0	0	
0.628132 	1.343425 	0	1	0	
1.321268 	1.476852 	0	1	0	
0.362499 	1.788018 	1	0	0	
1.845149 	1.929991 	1	0	0	
0.136479 	1.444807 	1	0	0	
0.801538 	0.690207 	0	0	1	
0.736534 	1.694021 	0	1	0	
1.832270 	0.486038 	1	0	0	
0.017090 	1.851619 	1	0	0	
1.349345 	0.000061 	1	0	0	
1.173925 	1.601550 	0	1	0	
1.489853 	0.255745 	1	0	0	
1.832514 	0.977935 	1	0	0	
0.417554 	0.961699 	0	1	0	
1.266518 	1.961486 	1	0	0	
1.785577 	1.374981 	1	0	0	
0.057314 	0.750816 	1	0	0	
0.170354 	1.246864 	1	0	0	
1.507004 	0.772790 	0	1	0	
0.292734 	0.412610 	1	0	0	
1.118076 	1.493088 	0	1	0	
0.834559 	0.589007 	0	1	0	
1.452437 	1.090365 	0	1	0	
0.667135 	1.940733 	1	0	0	
0.681295 	0.056093 	1	0	0	
0.301340 	1.978942 	1	0	0	
0.138859 	1.782830 	1	0	0	
0.373241 	1.354778 	0	1	0	
1.193274 	1.202734 	0	0	1	
1.977660 	0.109500 	1	0	0	
0.745201 	1.540269 	0	1	0	
0.661031 	0.944121 	0	0	1	
1.668996 	0.239753 	1	0	0	
0.887967 	1.071444 	0	0	1	
1.507065 	0.132084 	1	0	0	
0.792322 	1.212195 	0	0	1	
1.730888 	0.901334 	0	1	0	
0.025758 	1.298502 	1	0	0	
0.881008 	0.915128 	0	0	1	
0.517472 	1.446821 	0	1	0	
1.898251 	0.481094 	1	0	0	
0.955107 	1.762749 	0	1	0	
0.958769 	0.590899 	0	1	0	
0.802026 	1.540574 	0	1	0	
0.126041 	0.215461 	1	0	0	
0.661946 	1.419782 	0	1	0	
1.131138 	0.213691 	0	1	0	
0.803186 	1.061068 	0	0	1	
0.594378 	0.916349 	0	1	0	
0.656209 	1.904355 	1	0	0	
0.001831 	1.448653 	1	0	0	
1.096225 	1.571337 	0	1	0	
0.746971 	1.853755 	1	0	0	
0.322947 	1.475326 	1	0	0	
1.552049 	0.079043 	1	0	0	
1.151280 	0.200018 	1	0	0	
0.580584 	0.888821 	0	1	0	
0.523942 	0.211188 	1	0	0	
1.553941 	0.764550 	0	1	0	
1.059847 	0.461867 	0	1	0	
0.184027 	1.856685 	1	0	0	
1.449507 	0.455397 	0	1	0	
0.235237 	1.048799 	0	1	0	
1.511338 	0.327769 	1	0	0	
1.527451 	1.198889 	0	1	0	
0.719749 	0.511551 	0	1	0	
1.193091 	0.617328 	0	1	0	
0.019410 	1.545274 	1	0	0	
0.500748 	1.846858 	1	0	0	
1.736320 	1.588733 	1	0	0	
0.557695 	1.805231 	1	0	0	
1.399152 	0.208808 	1	0	0	
1.203406 	0.353954 	0	1	0	
0.283883 	1.996887 	1	0	0	
0.407239 	1.355144 	0	1	0	
0.492813 	0.580279 	0	1	0	
0.482986 	1.278970 	0	1	0	
1.381817 	0.591998 	0	1	0	
0.431227 	1.424970 	0	1	0	
1.147191 	0.158818 	1	0	0	
0.724448 	0.818384 	0	0	1	
0.385632 	1.471847 	0	1	0	
1.844905 	1.845698 	1	0	0	
1.439375 	0.001587 	1	0	0	
0.889309 	1.689688 	0	1	0	
0.338572 	1.920530 	1	0	0	
1.552965 	1.629261 	1	0	0	
1.154088 	0.293954 	0	1	0	
1.804376 	1.263710 	1	0	0	
1.573168 	1.604480 	1	0	0	
0.564165 	1.726310 	1	0	0	
1.509751 	1.169652 	0	1	0	
1.701041 	0.947783 	0	1	0	
1.562914 	1.017548 	0	1	0	
0.655049 	1.033906 	0	0	1	
1.135105 	0.781274 	0	0	1	
0.004273 	0.818323 	1	0	0	
1.023530 	1.176122 	0	0	1	
1.283914 	1.653737 	0	1	0	
0.296030 	0.620563 	0	1	0	
1.371990 	1.503952 	0	1	0	
0.265023 	0.564837 	1	0	0	
0.754967 	1.399335 	0	1	0	
1.371746 	0.088626 	1	0	0	
1.983459 	1.317850 	1	0	0	
1.792779 	1.331462 	1	0	0	
1.632679 	1.554369 	1	0	0	
1.581774 	0.316355 	1	0	0	
0.078860 	0.640950 	1	0	0	
1.159215 	0.732383 	0	0	1	
0.405225 	1.880245 	1	0	0	
1.962035 	1.234718 	1	0	0	
0.748375 	1.554674 	0	1	0	
0.065554 	1.828181 	1	0	0	
1.399335 	0.873989 	0	1	0	
0.591754 	1.894894 	1	0	0	
0.970855 	0.723594 	0	0	1	
1.713492 	1.428510 	1	0	0	
0.943571 	1.276101 	0	0	1	
0.070132 	0.038759 	1	0	0	
0.903348 	1.528489 	0	1	0	
0.405957 	1.287576 	0	1	0	
1.783013 	0.828089 	1	0	0	
1.242470 	0.919462 	0	0	1	
1.419843 	1.448775 	0	1	0	
1.399762 	0.549638 	0	1	0	
1.742851 	0.280709 	1	0	0	
1.177038 	1.371136 	0	1	0	
1.900449 	0.695822 	1	0	0	
1.006439 	1.444075 	0	1	0	
0.642781 	0.651509 	0	1	0	
1.391583 	1.129612 	0	1	0	
0.270333 	0.095279 	1	0	0	
0.944060 	0.230659 	0	1	0	
1.461043 	1.732658 	1	0	0	
0.329844 	1.402631 	0	1	0	
1.289163 	0.220344 	1	0	0	
0.938688 	1.395306 	0	1	0	
1.748161 	1.848750 	1	0	0	
0.088198 	0.690268 	1	0	0	
1.089633 	1.774163 	0	1	0	
1.576098 	1.094760 	0	1	0	
1.291360 	0.864772 	0	0	1	
1.392193 	1.855098 	1	0	0	
1.966857 	1.222755 	1	0	0	
1.403180 	1.852412 	1	0	0	
0.028504 	0.443739 	1	0	0	
0.822901 	0.442457 	0	1	0	
1.417463 	1.678152 	0	1	0	
0.279611 	0.503189 	1	0	0	
0.212104 	1.554674 	1	0	0	
0.293954 	0.250984 	1	0	0	
1.428449 	1.030732 	0	1	0	
0.979339 	1.389508 	0	0	1	
0.823511 	1.230140 	0	0	1	
0.777612 	0.152776 	1	0	0	
0.016358 	1.332316 	1	0	0	
1.042207 	0.805750 	0	0	1	
0.236824 	0.574297 	1	0	0	
0.281625 	0.163640 	1	0	0	
1.016511 	1.428938 	0	1	0	
0.875454 	0.694235 	0	0	1	
1.133091 	0.020814 	1	0	0	
0.075625 	0.763634 	1	0	0	
0.121586 	0.843654 	1	0	0	
0.105350 	1.590258 	1	0	0	
1.664174 	1.840327 	1	0	0	
1.168004 	1.467208 	0	1	0	
1.171300 	0.909207 	0	0	1	
0.178777 	0.817408 	1	0	0	
0.867092 	1.898495 	1	0	0	
1.031892 	0.643330 	0	0	1	
0.690878 	1.151158 	0	0	1	
1.214576 	1.933042 	1	0	0	
0.327830 	0.663717 	0	1	0	
0.582232 	0.586383 	0	1	0	
0.680685 	0.920316 	0	0	1	
1.105441 	1.423261 	0	1	0	
0.095645 	1.465194 	1	0	0	
1.402326 	1.835871 	1	0	0	
1.654836 	0.275887 	1	0	0	
0.869106 	0.648579 	0	0	1	
0.846889 	0.000183 	1	0	0	
1.220069 	0.746971 	0	0	1	
1.930357 	0.118107 	1	0	0	
0.250374 	1.039033 	0	1	0	
0.299142 	1.092563 	0	1	0	
1.634693 	0.310923 	1	0	0	
1.166417 	1.571032 	0	1	0	
1.572253 	0.539628 	0	1	0	
1.875484 	0.699911 	1	0	0	
0.093326 	0.225288 	1	0	0	
0.153325 	0.615375 	1	0	0	
1.837703 	1.305582 	1	0	0	
1.618030 	1.171850 	0	1	0	
0.117801 	0.214179 	1	0	0	
0.851527 	1.971618 	1	0	0	
1.081088 	0.647359 	0	0	1	
1.352702 	1.757561 	1	0	0	
1.780694 	0.598651 	1	0	0	
0.680624 	0.232063 	1	0	0	
0.970061 	1.226722 	0	0	1	
0.102725 	0.363659 	1	0	0	
0.432142 	0.117008 	1	0	0	
1.058626 	0.244697 	0	1	0	
1.656728 	0.501114 	1	0	0	
1.753105 	0.562273 	1	0	0	
1.676809 	0.995025 	0	1	0	
0.190680 	0.745079 	1	0	0	
0.879299 	1.419782 	0	1	0	
0.964141 	1.848384 	1	0	0	
0.599567 	1.266457 	0	1	0	
0.108707 	1.239662 	1	0	0	
1.314005 	0.368480 	0	1	0	
1.336222 	1.147923 	0	0	1	
1.242958 	0.343089 	0	1	0	
1.959838 	0.138310 	1	0	0	
0.176092 	0.365184 	1	0	0	
1.823176 	1.575610 	1	0	0	
0.333140 	1.835444 	1	0	0	
1.545701 	0.137516 	1	0	0	
1.071871 	1.505417 	0	1	0	
1.396832 	0.442640 	0	1	0	
1.256813 	1.622547 	0	1	0	
1.111728 	0.852809 	0	0	1	
0.099979 	0.656941 	1	0	0	
1.960875 	0.514664 	1	0	0	
0.287484 	1.172704 	0	1	0	
1.385907 	0.701743 	0	1	0	
0.203131 	0.406018 	1	0	0	
1.514817 	0.519425 	0	1	0	
1.062410 	0.113529 	1	0	0	
1.867977 	0.036561 	1	0	0	
1.769524 	1.251991 	1	0	0	
1.568407 	0.904508 	0	1	0	
1.308756 	0.052614 	1	0	0	
1.368450 	1.527451 	0	1	0	
1.484420 	1.052950 	0	1	0	
0.805261 	0.845485 	0	0	1	
1.820307 	1.647389 	1	0	0	
0.797693 	1.794671 	1	0	0	
1.431928 	1.720817 	1	0	0	
0.997223 	0.503433 	0	1	0	
1.684194 	0.925626 	0	1	0	
0.204962 	0.291879 	1	0	0	
0.446242 	1.166845 	0	1	0	
1.168310 	0.532792 	0	1	0	
1.757195 	0.855861 	0	1	0	
0.067690 	1.439070 	1	0	0	
1.713553 	0.496902 	1	0	0	
0.008789 	0.839320 	1	0	0	
0.392590 	0.167547 	1	0	0	
0.830042 	0.004578 	1	0	0	
0.623188 	0.456740 	0	1	0	
0.539323 	0.587725 	0	1	0	
1.416486 	1.421674 	0	1	0	
0.692465 	1.738945 	1	0	0	
0.869594 	1.127354 	0	0	1	
1.024873 	1.459578 	0	1	0	
0.354320 	0.330393 	1	0	0	
1.650563 	1.256813 	0	1	0	
0.803613 	0.870083 	0	0	1	
0.138859 	0.161138 	1	0	0	
0.907804 	0.328196 	0	1	0	
1.784112 	1.170385 	1	0	0	
0.034120 	0.522233 	1	0	0	
0.377331 	0.181158 	1	0	0	
1.681021 	0.391675 	1	0	0	
1.796258 	0.471938 	1	0	0	
0.279794 	0.842372 	0	1	0	
1.722709 	0.798608 	0	1	0	
1.157262 	0.109867 	1	0	0	
1.802362 	0.166631 	1	0	0	
0.470229 	1.205237 	0	1	0	
1.558092 	1.340617 	0	1	0	
0.925565 	0.004761 	1	0	0	
0.369396 	0.155400 	1	0	0	
0.097903 	1.547533 	1	0	0	
0.831446 	0.690146 	0	0	1	
1.157323 	1.101535 	0	0	1	
1.804743 	1.367840 	1	0	0	
0.819727 	1.562975 	0	1	0	
0.469314 	0.043886 	1	0	0	
0.332591 	1.748894 	1	0	0	
1.695242 	1.144749 	0	1	0	
0.308176 	1.147740 	0	1	0	
0.041200 	0.920194 	1	0	0	
1.216895 	1.689138 	0	1	0	
0.696249 	1.871273 	1	0	0	
0.353404 	0.095523 	1	0	0	
0.673421 	0.416578 	0	1	0	
1.087802 	1.378887 	0	0	1	
0.571184 	0.859401 	0	1	0	
1.214515 	1.043367 	0	0	1	
0.213202 	1.717887 	1	0	0	
0.211310 	0.559099 	1	0	0	
0.479751 	1.481185 	0	1	0	
0.221076 	1.666372 	1	0	0	
0.642781 	1.853816 	1	0	0	
0.568560 	0.075503 	1	0	0	
1.517685 	1.550951 	0	1	0	
0.624897 	0.123295 	1	0	0	
1.743645 	0.706809 	0	1	0	
0.832240 	0.948881 	0	0	1	
1.505539 	0.958769 	0	1	0	
0.701315 	1.752007 	1	0	0	
1.010102 	1.270058 	0	0	1	
1.593493 	0.695334 	0	1	0	
0.027711 	0.552812 	1	0	0	
1.101108 	1.014435 	0	0	1	
1.813959 	1.155065 	1	0	0	
0.837855 	0.896634 	0	0	1	
1.721732 	0.272469 	1	0	0	
0.451613 	0.692343 	0	1	0	
1.818110 	1.349528 	1	0	0	
1.672597 	0.020569 	1	0	0	
1.817011 	0.530717 	1	0	0	
1.208899 	0.332102 	0	1	0	
1.640858 	0.225288 	1	0	0	
0.302622 	1.491317 	1	0	0	
1.924009 	0.847560 	1	0	0	
1.758538 	1.940611 	1	0	0	
1.769768 	0.795923 	0	1	0	
0.257454 	1.009430 	0	1	0	
0.073611 	1.732292 	1	0	0	
0.767907 	0.929960 	0	0	1	
1.726005 	1.224769 	0	1	0	
0.867519 	1.122532 	0	0	1	
1.005768 	1.816523 	1	0	0	
1.787347 	0.313242 	1	0	0	
1.478133 	0.582476 	0	1	0	
1.990967 	1.045564 	1	0	0	
0.708701 	0.237068 	1	0	0	
0.101688 	0.149663 	1	0	0	
1.106357 	1.855159 	1	0	0	
0.989837 	1.730888 	0	1	0	
1.208045 	0.268624 	0	1	0	
1.832209 	0.239998 	1	0	0	
0.716514 	0.201849 	1	0	0	
1.957274 	0.188726 	1	0	0	
1.605762 	0.206793 	1	0	0	
1.287698 	0.071535 	1	0	0	
0.604083 	0.462661 	0	1	0	
1.193335 	1.057588 	0	0	1	
1.369488 	1.500534 	0	1	0	
0.566362 	0.013916 	1	0	0	
1.668325 	1.916379 	1	0	0	
0.932157 	1.424299 	0	1	0	
1.871151 	0.135197 	1	0	0	
1.407331 	1.764031 	1	0	0	
0.076296 	0.288156 	1	0	0	
1.318216 	0.894681 	0	0	1	
0.176397 	1.265481 	1	0	0	
1.291971 	0.041322 	1	0	0	
0.177068 	1.007782 	1	0	0	
0.632771 	0.913480 	0	0	1	
1.083651 	1.097995 	0	0	1	
1.795831 	1.533616 	1	0	0	
1.665578 	1.716971 	1	0	0	
1.770928 	1.335002 	1	0	0	
1.412885 	0.024110 	1	0	0	
1.189856 	1.091769 	0	0	1	
0.996612 	0.027406 	1	0	0	
0.967620 	0.243233 	0	1	0	
0.544939 	1.003021 	0	1	0	
1.292276 	1.175451 	0	0	1	
1.049226 	0.528825 	0	1	0	
0.774499 	1.022187 	0	0	1	
1.210547 	1.194006 	0	0	1	
0.569903 	0.548173 	0	1	0	
1.040620 	1.046236 	0	0	1	
1.286538 	0.676351 	0	1	0	
0.529252 	0.839930 	0	1	0	
1.489853 	0.222724 	1	0	0	
0.690146 	0.148198 	1	0	0	
1.618336 	1.400678 	0	1	0	
1.298685 	1.399640 	0	1	0	
0.120975 	0.656636 	1	0	0	
0.633320 	1.904538 	1	0	0	
1.630909 	1.401288 	0	1	0	
1.533433 	0.930754 	0	1	0	
1.985595 	0.197089 	1	0	0	
1.086093 	1.893979 	1	0	0	
1.908139 	0.965606 	1	0	0	
0.254219 	0.722678 	0	1	0	
0.160710 	0.776635 	1	0	0	
0.758812 	0.462233 	0	1	0	
1.983398 	1.782464 	1	0	0	
1.527085 	1.179296 	0	1	0	
1.630238 	0.858303 	0	1	0	
0.020142 	1.229591 	1	0	0	
0.816065 	1.512864 	0	1	0	
0.751915 	0.951689 	0	0	1	
1.885739 	1.630909 	1	0	0	
0.311411 	0.848842 	0	1	0	
1.518174 	1.609973 	1	0	0	
1.202307 	1.321390 	0	0	1	
1.778680 	0.454421 	1	0	0	
1.810480 	0.013001 	1	0	0	
0.330760 	0.389294 	1	0	0	
0.813929 	1.832453 	1	0	0	
0.621479 	1.555406 	0	1	0	
1.345744 	1.713309 	0	1	0	
1.850826 	1.349590 	1	0	0	
1.223975 	1.174963 	0	0	1	
1.539598 	1.971984 	1	0	0	
0.560381 	0.746727 	0	1	0	
0.507279 	0.742393 	0	1	0	
1.060213 	1.317545 	0	0	1	
1.072420 	0.749351 	0	0	1	
0.326304 	0.474136 	1	0	0	
0.288156 	0.393017 	1	0	0	
1.479720 	0.890103 	0	1	0	
1.025544 	1.385418 	0	0	1	
1.408368 	0.827845 	0	1	0	
0.716880 	1.770501 	1	0	0	
1.958373 	1.816767 	1	0	0	
0.571856 	1.525498 	0	1	0	
1.378094 	1.569506 	0	1	0	
1.078707 	1.307779 	0	0	1	
0.329539 	1.198706 	0	1	0	
0.603168 	1.907956 	1	0	0	
1.778130 	0.797815 	1	0	0	
0.897488 	0.972564 	0	0	1	
1.073641 	0.446852 	0	1	0	
0.331980 	0.559465 	1	0	0	
1.535997 	0.706748 	0	1	0	
0.662130 	0.087039 	1	0	0	
1.856502 	1.664846 	1	0	0	
0.142827 	0.240547 	1	0	0	
0.628376 	0.592853 	0	1	0	
0.803247 	0.398572 	0	1	0	
0.318918 	1.281655 	0	1	0	
0.693930 	1.140538 	0	0	1	
1.995117 	1.113254 	1	0	0	
0.919584 	0.399792 	0	1	0	
1.115757 	0.934538 	0	0	1	
0.268807 	0.822962 	0	1	0	
1.703116 	1.793512 	1	0	0	
1.254799 	0.899136 	0	0	1	
1.204810 	1.601856 	0	1	0	
0.377758 	1.421064 	0	1	0	
1.360698 	1.785516 	1	0	0	
0.423658 	1.840938 	1	0	0	
1.385723 	0.985870 	0	0	1	
1.609424 	0.082827 	1	0	0	
0.781457 	1.874996 	1	0	0	
1.389142 	0.375683 	0	1	0	
0.089419 	0.145390 	1	0	0	
1.732414 	0.666707 	1	0	0	
0.898282 	1.739677 	0	1	0	
1.688406 	0.180792 	1	0	0	
1.417035 	1.379009 	0	1	0	
0.046754 	0.686361 	1	0	0	
0.927641 	0.456862 	0	1	0	
1.909726 	0.030396 	1	0	0	
1.428816 	1.357280 	0	1	0	
1.985717 	1.506455 	1	0	0	
1.783502 	0.261422 	1	0	0	
0.419019 	1.616016 	1	0	0	
0.683248 	1.506088 	0	1	0	
1.966918 	1.787835 	1	0	0	
1.741203 	1.553514 	1	0	0	
0.336314 	0.616413 	0	1	0	
1.026337 	1.639210 	0	1	0	
0.494339 	0.182562 	1	0	0	
0.351939 	1.156224 	0	1	0	
0.762474 	1.018525 	0	0	1	
0.630390 	0.841212 	0	1	0	
1.509751 	1.279824 	0	1	0	
0.606586 	1.823664 	1	0	0	
0.255318 	0.687277 	1	0	0	
1.283242 	1.600269 	0	1	0	
1.994079 	0.800562 	1	0	0	
1.349651 	0.998566 	0	0	1	
0.556841 	0.186224 	1	0	0	
1.927244 	1.190710 	1	0	0	
1.819208 	0.043275 	1	0	0	
1.943602 	0.820460 	1	0	0	
0.569292 	0.847682 	0	1	0	
0.448317 	0.306345 	1	0	0	
1.849422 	1.579272 	1	0	0	
1.182653 	1.382916 	0	1	0	
0.581805 	0.092959 	1	0	0	
1.715262 	0.942778 	0	1	0	
0.292978 	0.197516 	1	0	0	
0.457106 	1.241859 	0	1	0	
0.747215 	0.002930 	1	0	0	
1.868221 	1.530564 	1	0	0	
1.303812 	1.100742 	0	0	1	
1.167211 	1.173070 	0	0	1	
1.808405 	1.138157 	1	0	0	
0.858425 	1.317667 	0	0	1	
1.832820 	1.350017 	1	0	0	
0.387219 	1.180151 	0	1	0	
0.074648 	1.609241 	1	0	0	
1.236915 	0.002808 	1	0	0	
0.729637 	0.560381 	0	1	0	
0.779626 	0.752342 	0	0	1	
0.648885 	1.397015 	0	1	0	
1.193579 	0.617756 	0	1	0	
0.094241 	0.846339 	1	0	0	
0.759117 	0.372204 	0	1	0	
0.903470 	1.923338 	1	0	0	
1.846309 	1.660329 	1	0	0	
0.878262 	0.016785 	1	0	0	
0.906522 	0.273629 	0	1	0	
0.207221 	0.870632 	1	0	0	
0.780053 	0.477309 	0	1	0	
0.736778 	0.020692 	1	0	0	
0.633076 	0.449477 	0	1	0	
1.901975 	0.252876 	1	0	0	
1.835871 	1.897153 	1	0	0	
0.129826 	0.642048 	1	0	0	
1.094516 	1.909482 	1	0	0	
1.528672 	1.735771 	1	0	0	
1.149876 	0.112674 	1	0	0	
0.673849 	0.445387 	0	1	0	
0.354747 	1.187902 	0	1	0	
1.304666 	1.206519 	0	0	1	
1.442671 	1.814386 	1	0	0	
1.743400 	0.971221 	0	1	0	
0.800439 	0.101627 	1	0	0	
0.849696 	0.594989 	0	1	0	
0.557817 	0.572405 	0	1	0	
1.322672 	0.180975 	1	0	0	
0.804773 	0.757897 	0	0	1	
0.162725 	0.943388 	1	0	0	
0.251473 	0.470168 	1	0	0	
1.106967 	1.152867 	0	0	1	
0.641438 	1.811823 	1	0	0	
0.848476 	0.726829 	0	0	1	
1.231178 	0.986785 	0	0	1	
1.854488 	0.026429 	1	0	0	
0.648946 	1.974548 	1	0	0	
1.593799 	1.423566 	0	1	0	
0.444777 	1.129795 	0	1	0	
0.987518 	1.198767 	0	0	1	
1.644520 	0.770837 	0	1	0	
1.894467 	0.335276 	1	0	0	
0.619953 	0.818262 	0	1	0	
0.444349 	1.768914 	1	0	0	
1.588244 	0.547258 	0	1	0	
0.031556 	0.657674 	1	0	0	
0.052675 	1.515488 	1	0	0	
0.780786 	1.233924 	0	0	1	
0.497085 	1.729423 	1	0	0	
1.298379 	0.800439 	0	0	1	
0.646809 	0.111454 	1	0	0	
1.521409 	0.433790 	0	1	0	
1.608875 	1.330180 	0	1	0	
0.476455 	0.957549 	0	1	0	
0.202887 	0.056337 	1	0	0	
1.761528 	1.746818 	1	0	0	
0.796533 	0.707480 	0	0	1	
0.562578 	0.927885 	0	1	0	
0.957183 	1.742851 	0	1	0	
1.018464 	0.534867 	0	1	0	
0.232063 	0.571917 	1	0	0	
1.745170 	1.185400 	0	1	0	
0.370800 	0.138859 	1	0	0	
0.333323 	1.838923 	1	0	0	
0.300546 	1.244789 	0	1	0	
0.630696 	1.199255 	0	1	0	
0.168889 	1.670949 	1	0	0	
1.622425 	0.324107 	1	0	0	
1.764397 	0.165593 	1	0	0	
1.720756 	1.004425 	0	1	0	
1.629505 	0.356273 	1	0	0	
1.278787 	1.475204 	0	1	0	
0.176946 	0.650349 	1	0	0	
1.137913 	0.021729 	1	0	0	
1.122715 	1.186316 	0	0	1	
0.023865 	0.041810 	1	0	0	
0.547319 	1.898862 	1	0	0	
0.602741 	1.128513 	0	1	0	
1.899716 	0.758934 	1	0	0	
1.009247 	1.733879 	0	1	0	
0.253609 	0.252876 	1	0	0	
1.660512 	1.978515 	1	0	0	
0.131779 	1.161718 	1	0	0	
0.167669 	0.166631 	1	0	0	
0.207709 	1.703909 	1	0	0	
0.157170 	1.572375 	1	0	0	
1.199744 	1.104282 	0	0	1	
0.815149 	1.056368 	0	0	1	
0.268685 	1.650685 	1	0	0	
0.966521 	0.078249 	1	0	0	
0.232246 	0.301645 	1	0	0	
0.502213 	1.665395 	1	0	0	
0.907498 	1.907468 	1	0	0	
0.966338 	1.901608 	1	0	0	
0.895657 	1.106662 	0	0	1	
0.115665 	1.497482 	1	0	0	
1.120457 	0.961333 	0	0	1	
0.265145 	0.005737 	1	0	0	
0.432569 	1.392865 	0	1	0	
1.230018 	0.243171 	0	1	0	
0.593707 	1.480697 	0	1	0	
1.678884 	1.482345 	1	0	0	
0.951140 	0.687460 	0	0	1	
1.709098 	0.975127 	0	1	0	
0.117130 	1.072237 	1	0	0	
0.457167 	0.371349 	1	0	0	
0.964080 	1.554125 	0	1	0	
1.557421 	0.593402 	0	1	0	
0.248543 	0.289438 	1	0	0	
0.260018 	1.731681 	1	0	0	
1.177587 	0.225349 	0	1	0	
1.022309 	1.520798 	0	1	0	
0.227546 	1.890194 	1	0	0	
1.384625 	0.961272 	0	0	1	
0.530656 	0.486038 	0	1	0	
0.944731 	0.647908 	0	0	1	
1.139561 	1.344157 	0	0	1	
1.241371 	0.367443 	0	1	0	
0.483901 	0.805689 	0	1	0	
1.361370 	1.528916 	0	1	0	
1.330241 	0.591327 	0	1	0	
1.081027 	0.987457 	0	0	1	
1.558885 	0.721458 	0	1	0	
0.355968 	1.826533 	1	0	0	
0.069155 	1.049471 	1	0	0	
0.970855 	1.658376 	0	1	0	
0.126774 	0.471023 	1	0	0	
1.161168 	0.007385 	1	0	0	
1.464217 	1.871822 	1	0	0	
1.021332 	1.337687 	0	0	1	
1.447981 	1.875301 	1	0	0	
1.509445 	1.287576 	0	1	0	
0.625141 	1.454939 	0	1	0	
0.862758 	0.673666 	0	0	1	
0.960601 	0.471023 	0	1	0	
1.235450 	0.827479 	0	0	1	
0.078372 	0.196722 	1	0	0	
1.371807 	0.825526 	0	1	0	
1.819880 	0.894192 	1	0	0	
0.126957 	0.177557 	1	0	0	
0.430311 	0.504288 	0	1	0	
0.647908 	1.533677 	0	1	0	
0.687216 	1.512253 	0	1	0	
0.026856 	0.973479 	1	0	0	
1.282022 	0.051210 	1	0	0	
0.240181 	0.440199 	1	0	0	
1.769097 	0.307138 	1	0	0	
1.184545 	1.881405 	1	0	0	
0.392712 	0.286081 	1	0	0	
1.623585 	1.659291 	1	0	0	
1.106296 	0.008240 	1	0	0	
0.857143 	0.793237 	0	0	1	
1.094455 	0.189703 	1	0	0	
0.925626 	1.596973 	0	1	0	
1.112827 	0.475051 	0	1	0	
0.161809 	0.272103 	1	0	0	
1.955565 	1.283303 	1	0	0	
1.903256 	0.022095 	1	0	0	
1.365093 	0.329783 	0	1	0	
1.176733 	0.247627 	0	1	0	
0.695151 	1.886166 	1	0	0	
1.168737 	0.386486 	0	1	0	
1.640919 	1.840815 	1	0	0	
0.292673 	1.961180 	1	0	0	
0.347056 	0.623371 	0	1	0	
1.666921 	1.394940 	0	1	0	
1.208594 	1.054598 	0	0	1	
1.814936 	1.161046 	1	0	0	
1.673879 	1.183996 	0	1	0	
0.401257 	1.825678 	1	0	0	
0.365856 	1.179357 	0	1	0	
1.814631 	0.548112 	1	0	0	
1.830927 	0.328379 	1	0	0	
0.410962 	0.600848 	0	1	0	
0.229255 	1.217322 	1	0	0	
0.230110 	1.470992 	1	0	0	
1.280374 	1.146397 	0	0	1	
0.996796 	0.106754 	1	0	0	
0.772912 	1.847713 	1	0	0	
1.219153 	0.871059 	0	0	1	
0.955535 	1.564928 	0	1	0	
0.198248 	0.764061 	1	0	0	
1.117527 	0.559709 	0	1	0	
1.759636 	1.478317 	1	0	0	
1.674612 	0.105899 	1	0	0	
1.519944 	0.848109 	0	1	0	
0.069826 	0.034913 	1	0	0	
0.501724 	1.256142 	0	1	0	
1.804865 	0.894009 	1	0	0	
0.907987 	1.559374 	0	1	0	
0.911222 	1.780633 	0	1	0	
0.869411 	0.097049 	1	0	0	
1.176672 	1.914670 	1	0	0	
1.976928 	1.343669 	1	0	0	
0.437086 	1.012055 	0	1	0	
0.411695 	1.767937 	1	0	0	
1.247780 	0.521317 	0	1	0	
1.485824 	1.462447 	0	1	0	
0.245796 	0.785791 	0	1	0	
0.404553 	1.104831 	0	1	0	
1.516953 	0.194159 	1	0	0	
1.065218 	0.813196 	0	0	1	
0.277841 	1.382183 	1	0	0	
1.702322 	0.459059 	1	0	0	
0.188421 	0.547014 	1	0	0	
1.193640 	1.999695 	1	0	0	
0.604633 	0.938139 	0	1	0	
0.839076 	1.392132 	0	1	0	
1.085849 	0.585772 	0	1	0	
1.423933 	0.652303 	0	1	0	
1.467940 	1.330363 	0	1	0	
0.380627 	1.620838 	1	0	0	
0.816126 	1.215796 	0	0	1	
0.860012 	1.998413 	1	0	0	
1.568590 	1.307596 	0	1	0	
1.525742 	1.212989 	0	1	0	
0.183905 	1.000092 	1	0	0	
0.883389 	0.682333 	0	0	1	
0.605731 	0.873806 	0	1	0	
0.957732 	0.032472 	1	0	0	
1.855281 	1.166845 	1	0	0	
0.129704 	1.836421 	1	0	0	
0.065981 	0.920988 	1	0	0	
1.946287 	0.434645 	1	0	0	
0.271920 	1.867367 	1	0	0	
1.715384 	1.400433 	1	0	0	
0.262337 	0.111698 	1	0	0	
1.698660 	1.211646 	0	1	0	
1.815424 	1.683950 	1	0	0	
0.714011 	1.692618 	0	1	0	
1.623280 	1.012299 	0	1	0	
0.961394 	0.787683 	0	0	1	
1.220862 	0.387341 	0	1	0	
1.883114 	0.229499 	1	0	0	
0.231574 	1.475326 	1	0	0	
1.872127 	1.664296 	1	0	0	
0.241340 	0.945280 	0	1	0	
1.640553 	1.796564 	1	0	0	
1.614124 	1.272561 	0	1	0	
0.060610 	0.115787 	1	0	0	
0.561724 	0.779443 	0	1	0	
0.291147 	1.768242 	1	0	0	
0.779870 	1.977783 	1	0	0	
1.000946 	1.134617 	0	0	1	
0.962920 	0.273812 	0	1	0	
0.503311 	0.678488 	0	1	0	
0.510025 	0.099612 	1	0	0	
0.612506 	0.626240 	0	1	0	
0.735740 	0.532365 	0	1	0	
0.035524 	0.041078 	1	0	0	
1.896298 	1.464400 	1	0	0	
0.111881 	0.855007 	1	0	0	
1.345195 	0.386792 	0	1	0	
0.712912 	1.419660 	0	1	0	
1.130222 	0.848720 	0	0	1	
1.114353 	1.139256 	0	0	1	
0.344310 	0.654500 	0	1	0	
1.653737 	0.748314 	0	1	0	
0.542497 	0.862514 	0	1	0	
0.985443 	1.796381 	0	1	0	
1.538377 	1.646229 	1	0	0	
0.746055 	1.901914 	1	0	0	
1.891537 	0.081790 	1	0	0	
0.442396 	1.338542 	0	1	0	
1.398968 	1.923826 	1	0	0	
0.374462 	1.516037 	1	0	0	
1.902951 	0.431410 	1	0	0	
1.406110 	0.917692 	0	1	0	
1.727836 	0.308359 	1	0	0	
1.396161 	1.057833 	0	1	0	
0.058290 	1.818049 	1	0	0	
1.101962 	0.020997 	1	0	0	
0.571306 	1.137669 	0	1	0	
1.368023 	0.145940 	1	0	0	
0.634602 	0.012574 	1	0	0	
0.412244 	1.416242 	0	1	0	
1.384136 	0.774194 	0	1	0	
1.022797 	1.121006 	0	0	1	
0.992828 	1.783502 	0	1	0	
0.477004 	1.346965 	0	1	0	
0.443312 	1.363018 	0	1	0	
0.995941 	0.865749 	0	0	1	
0.117252 	1.279275 	1	0	0	
1.546190 	0.977691 	0	1	0	
0.512833 	1.839228 	1	0	0	
0.802087 	1.875607 	1	0	0	
1.404706 	1.661428 	0	1	0	
0.080630 	1.089755 	1	0	0	
0.756981 	0.186285 	1	0	0	
0.061403 	0.578692 	1	0	0	
1.703238 	1.987060 	1	0	0	
0.104129 	0.025941 	1	0	0	
0.904874 	0.943449 	0	0	1	
1.976562 	0.906644 	1	0	0	
0.601459 	1.341960 	0	1	0	
0.804712 	0.886258 	0	0	1	
1.664418 	1.963683 	1	0	0	
1.058809 	1.114109 	0	0	1	
1.967589 	0.223212 	1	0	0	
0.386181 	1.973144 	1	0	0	
1.386273 	0.421339 	0	1	0	
1.105014 	1.849971 	1	0	0	
1.738212 	1.172338 	0	1	0	
0.169988 	0.486587 	1	0	0	
0.977935 	0.070498 	1	0	0	
1.423994 	1.476852 	0	1	0	
1.957884 	0.657430 	1	0	0	
0.946440 	1.469710 	0	1	0	
1.068026 	1.752068 	0	1	0	
1.312906 	0.642109 	0	1	0	
1.067598 	0.206793 	0	1	0	
1.576342 	0.003967 	1	0	0	
1.420026 	1.152013 	0	1	0	
0.784143 	0.097659 	1	0	0	
0.444472 	0.791162 	0	1	0	
1.842708 	0.654439 	1	0	0	
0.596515 	1.809198 	1	0	0	
1.541795 	1.770501 	1	0	0	
1.190161 	0.456679 	0	1	0	
1.552232 	0.165105 	1	0	0	
1.873348 	1.372784 	1	0	0	
0.208014 	1.083041 	0	1	0	
1.170385 	1.207923 	0	0	1	
1.886837 	1.404279 	1	0	0	
1.403302 	1.110752 	0	1	0	
1.799921 	0.523270 	1	0	0	
0.303842 	1.140355 	0	1	0	
1.005280 	0.559832 	0	1	0	
0.630573 	0.666952 	0	1	0	
1.455733 	0.465224 	0	1	0	
0.101260 	1.823359 	1	0	0	
1.894650 	1.584582 	1	0	0	
0.954802 	0.069460 	1	0	0	
0.411695 	1.239296 	0	1	0	
1.454451 	0.933073 	0	1	0	
0.471877 	1.891476 	1	0	0	
0.644795 	0.988189 	0	0	1	
0.228584 	0.452345 	1	0	0	
0.675375 	0.135014 	1	0	0	
1.935667 	1.298929 	1	0	0	
0.002869 	1.242592 	1	0	0	
1.268166 	1.558397 	0	1	0	
-0.214728 	-1.782769 	1	0	0	
-0.632588 	-1.773736 	1	0	0	
-1.220985 	-1.440352 	0	1	0	
-0.580340 	-0.321665 	0	1	0	
-0.946318 	-0.527360 	0	1	0	
-1.416608 	-0.860927 	0	1	0	
-0.165410 	-0.418226 	1	0	0	
-0.923429 	-1.329142 	0	0	1	
-0.212592 	-0.667684 	1	0	0	
-0.763878 	-0.755821 	0	0	1	
-0.943449 	-1.875851 	1	0	0	
-1.636891 	-0.547380 	0	1	0	
-0.630268 	-0.752098 	0	1	0	
-1.834529 	-1.564745 	1	0	0	
-0.478225 	-1.316752 	0	1	0	
-1.389325 	-0.431776 	0	1	0	
-1.450545 	-1.175329 	0	1	0	
-0.998871 	-1.511887 	0	1	0	
-0.089236 	-0.805994 	1	0	0	
-1.915342 	-1.989257 	1	0	0	
-1.020112 	-0.795618 	0	0	1	
-1.986816 	-0.494095 	1	0	0	
-0.828150 	-0.962127 	0	0	1	
-0.039247 	-0.707663 	1	0	0	
-0.992157 	-0.302072 	0	1	0	
-1.785516 	-0.385510 	1	0	0	
-0.564776 	-1.699210 	1	0	0	
-1.448531 	-1.236061 	0	1	0	
-0.286996 	-0.331980 	1	0	0	
-0.288217 	-0.092288 	1	0	0	
-0.822901 	-1.719108 	0	1	0	
-0.216865 	-0.813929 	1	0	0	
-0.803430 	-0.337596 	0	1	0	
-1.692740 	-1.357219 	0	1	0	
-1.366375 	-0.753868 	0	1	0	
-0.078005 	-1.450972 	1	0	0	
-0.879360 	-0.203558 	1	0	0	
-1.649586 	-1.314432 	0	1	0	
-0.534806 	-0.557756 	0	1	0	
-1.449080 	-0.856838 	0	1	0	
-0.502762 	-0.614216 	0	1	0	
-0.160710 	-1.794122 	1	0	0	
-1.330058 	-0.649373 	0	1	0	
-0.203864 	-0.121036 	1	0	0	
-0.272897 	-0.170476 	1	0	0	
-0.227790 	-1.377178 	1	0	0	
-1.251320 	-0.803797 	0	0	1	
-0.196478 	-0.142155 	1	0	0	
-0.110843 	-1.257363 	1	0	0	
-0.250679 	-0.199957 	1	0	0	
-1.881832 	-0.295175 	1	0	0	
-1.534776 	-0.807886 	0	1	0	
-1.720878 	-0.660909 	0	1	0	
-0.175909 	-1.508957 	1	0	0	
-0.224372 	-1.888363 	1	0	0	
-0.603412 	-0.924589 	0	1	0	
-0.800745 	-0.935514 	0	0	1	
-1.395001 	-1.965453 	1	0	0	
-1.787591 	-0.581378 	1	0	0	
-1.837947 	-0.897122 	1	0	0	
-1.003510 	-0.521012 	0	1	0	
-0.393017 	-0.699973 	0	1	0	
-1.421186 	-1.097812 	0	1	0	
-1.247658 	-0.158208 	1	0	0	
-1.647816 	-0.609943 	0	1	0	
-0.146977 	-1.117710 	1	0	0	
-1.902829 	-0.128544 	1	0	0	
-1.689322 	-1.348674 	0	1	0	
-1.178808 	-0.764855 	0	0	1	
-1.274331 	-1.452193 	0	1	0	
-0.273324 	-1.324320 	0	1	0	
-1.890622 	-1.246376 	1	0	0	
-0.379650 	-1.285073 	0	1	0	
-0.931181 	-0.070803 	1	0	0	
-1.923154 	-1.037690 	1	0	0	
-1.223365 	-0.446608 	0	1	0	
-1.331828 	-0.324473 	0	1	0	
-1.461104 	-1.529160 	0	1	0	
-0.427686 	-0.815394 	0	1	0	
-0.227180 	-1.791437 	1	0	0	
-0.126469 	-1.758171 	1	0	0	
-0.793176 	-1.375530 	0	1	0	
-1.133885 	-0.640278 	0	0	1	
-0.883023 	-1.549303 	0	1	0	
-1.325114 	-1.799982 	1	0	0	
-0.590716 	-1.706168 	1	0	0	
-0.495621 	-0.923917 	0	1	0	
-0.636189 	-1.345073 	0	1	0	
-0.170598 	-0.369457 	1	0	0	
-0.149602 	-1.469283 	1	0	0	
-1.160192 	-1.248329 	0	0	1	
-0.170049 	-0.839320 	1	0	0	
-0.548418 	-1.209326 	0	1	0	
-0.046693 	-1.520249 	1	0	0	
-0.803613 	-1.858455 	1	0	0	
-0.929655 	-1.158300 	0	0	1	
-0.696921 	-0.752281 	0	0	1	
-1.538377 	-0.426099 	0	1	0	
-0.717063 	-1.904172 	1	0	0	
-0.394726 	-1.073458 	0	1	0	
-0.668905 	-1.738517 	1	0	0	
-1.708731 	-1.020295 	0	1	0	
-0.142705 	-0.432691 	1	0	0	
-1.103427 	-1.931211 	1	0	0	
-1.542405 	-1.582751 	0	1	0	
-0.368236 	-1.707083 	1	0	0	
-0.359447 	-0.130680 	1	0	0	
-1.425764 	-1.332621 	0	1	0	
-0.381237 	-1.491501 	0	1	0	
-0.702231 	-0.516678 	0	1	0	
-0.519120 	-1.816279 	1	0	0	
-0.086856 	-1.563158 	1	0	0	
-0.946501 	-0.330027 	0	1	0	
-1.669240 	-1.909665 	1	0	0	
-1.232093 	-1.681326 	0	1	0	
-0.440687 	-0.772118 	0	1	0	
-0.157109 	-1.240089 	1	0	0	
-0.149174 	-0.331675 	1	0	0	
-1.903623 	-1.283792 	1	0	0	
-0.492996 	-0.902676 	0	1	0	
-0.300974 	-1.006378 	0	1	0	
-0.842372 	-0.518204 	0	1	0	
-1.819452 	-0.289804 	1	0	0	
-0.675436 	-0.371288 	0	1	0	
-0.995819 	-0.174261 	1	0	0	
-1.917417 	-0.549150 	1	0	0	
-0.981903 	-1.965758 	1	0	0	
-1.368389 	-1.497604 	0	1	0	
-0.900113 	-1.916868 	1	0	0	
-0.409803 	-1.653737 	1	0	0	
-0.695883 	-1.420515 	0	1	0	
-0.174688 	-0.683859 	1	0	0	
-1.173925 	-1.651967 	0	1	0	
-1.370708 	-0.764794 	0	1	0	
-1.904721 	-0.597797 	1	0	0	
-0.943144 	-1.344951 	0	0	1	
-0.690207 	-1.409528 	0	1	0	
-0.764855 	-1.824030 	1	0	0	
-1.275796 	-0.018128 	1	0	0	
-0.541643 	-1.587756 	0	1	0	
-0.995270 	-0.948759 	0	0	1	
-0.119266 	-1.835994 	1	0	0	
-1.037263 	-1.271218 	0	0	1	
-1.381024 	-0.640950 	0	1	0	
-1.020173 	-1.625416 	0	1	0	
-0.921842 	-1.673452 	0	1	0	
-0.563189 	-0.257942 	1	0	0	
-1.688162 	-0.034852 	1	0	0	
-1.541185 	-1.008637 	0	1	0	
-0.769311 	-1.631764 	0	1	0	
-1.709952 	-1.182775 	0	1	0	
-1.529405 	-1.530992 	0	1	0	
-1.391095 	-0.248543 	1	0	0	
-1.266152 	-1.733329 	0	1	0	
-1.902036 	-1.295694 	1	0	0	
-0.584429 	-1.801691 	1	0	0	
-1.420087 	-0.193243 	1	0	0	
-1.672903 	-0.782861 	0	1	0	
-0.967864 	-0.384594 	0	1	0	
-1.669301 	-1.859859 	1	0	0	
-0.206488 	-0.255989 	1	0	0	
-0.304331 	-0.171514 	1	0	0	
-1.726005 	-1.017487 	0	1	0	
-0.009705 	-1.238624 	1	0	0	
-1.518052 	-0.032411 	1	0	0	
-1.678396 	-0.431898 	1	0	0	
-0.320872 	-1.534410 	1	0	0	
-0.265084 	-0.921232 	0	1	0	
-1.522324 	-1.667714 	1	0	0	
-1.414045 	-0.542619 	0	1	0	
-0.308786 	-1.789972 	1	0	0	
-1.301431 	-1.020478 	0	0	1	
-1.748283 	-0.973785 	0	1	0	
-0.880215 	-1.983093 	1	0	0	
-0.493851 	-1.645253 	1	0	0	
-0.715049 	-1.208411 	0	0	1	
-1.796686 	-1.296487 	1	0	0	
-1.594043 	-1.538011 	1	0	0	
-0.513871 	-0.210150 	1	0	0	
-1.105808 	-1.896237 	1	0	0	
-1.801386 	-0.132939 	1	0	0	
-1.368999 	-0.852321 	0	0	1	
-0.176397 	-1.835749 	1	0	0	
-0.100772 	-0.163640 	1	0	0	
-0.640034 	-0.498367 	0	1	0	
-0.213935 	-0.735740 	1	0	0	
-0.544572 	-0.855861 	0	1	0	
-0.127628 	-0.438917 	1	0	0	
-1.895383 	-1.043611 	1	0	0	
-1.981262 	-0.217353 	1	0	0	
-0.773095 	-1.079928 	0	0	1	
-1.937803 	-1.928465 	1	0	0	
-1.565477 	-0.922147 	0	1	0	
-1.764946 	-0.350597 	1	0	0	
-0.694052 	-0.034852 	1	0	0	
-1.880245 	-0.796167 	1	0	0	
-1.525437 	-1.407392 	0	1	0	
-1.049593 	-0.767602 	0	0	1	
-1.153111 	-1.957396 	1	0	0	
-0.924833 	-1.093661 	0	0	1	
-0.737999 	-0.259651 	0	1	0	
-0.608722 	-0.984100 	0	0	1	
-0.095218 	-1.535875 	1	0	0	
-1.435591 	-0.439467 	0	1	0	
-0.214301 	-0.843776 	1	0	0	
-1.152989 	-0.454054 	0	1	0	
-0.400647 	-0.403027 	1	0	0	
-1.694449 	-0.449110 	1	0	0	
-1.725272 	-1.995788 	1	0	0	
-1.728690 	-1.374432 	1	0	0	
-1.470992 	-0.377758 	0	1	0	
-0.174261 	-1.914670 	1	0	0	
-0.261971 	-0.640339 	1	0	0	
-1.866268 	-0.239631 	1	0	0	
-0.564776 	-1.457442 	0	1	0	
-1.562731 	-0.734153 	0	1	0	
-0.247200 	-1.158116 	0	1	0	
-1.478805 	-0.146489 	1	0	0	
-1.884030 	-0.560076 	1	0	0	
-0.535356 	-0.591815 	0	1	0	
-1.495834 	-1.502609 	0	1	0	
-0.510331 	-1.848872 	1	0	0	
-1.409345 	-1.016511 	0	1	0	
-1.279397 	-0.387158 	0	1	0	
-0.926054 	-0.067568 	1	0	0	
-0.334422 	-1.562120 	1	0	0	
-1.486801 	-0.812586 	0	1	0	
-0.766747 	-0.415174 	0	1	0	
-0.020325 	-1.304056 	1	0	0	
-0.902371 	-1.517991 	0	1	0	
-1.163060 	-1.581591 	0	1	0	
-1.777764 	-1.295755 	1	0	0	
-0.036378 	-0.087771 	1	0	0	
-1.641957 	-1.269448 	0	1	0	
-0.271737 	-0.345836 	1	0	0	
-1.674612 	-1.653310 	1	0	0	
-0.967742 	-0.836085 	0	0	1	
-0.105533 	-1.745048 	1	0	0	
-1.269387 	-0.009522 	1	0	0	
-0.924650 	-0.546709 	0	1	0	
-0.255135 	-1.375469 	1	0	0	
-0.368786 	-0.053713 	1	0	0	
-0.821070 	-0.600604 	0	1	0	
-1.373943 	-0.648885 	0	1	0	
-1.247291 	-1.558214 	0	1	0	
-1.179052 	-1.039705 	0	0	1	
-1.136753 	-1.262856 	0	0	1	
-0.270577 	-0.176214 	1	0	0	
-1.411725 	-0.630146 	0	1	0	
-1.853633 	-1.586779 	1	0	0	
-1.056856 	-0.998199 	0	0	1	
-0.038209 	-1.568834 	1	0	0	
-0.295724 	-1.347697 	0	1	0	
-1.928343 	-1.673391 	1	0	0	
-0.888394 	-0.159124 	1	0	0	
-1.799615 	-0.919523 	1	0	0	
-1.237587 	-0.844630 	0	0	1	
-0.555925 	-0.177007 	1	0	0	
-0.990936 	-0.690451 	0	0	1	
-0.649678 	-0.154241 	1	0	0	
-0.827052 	-0.249886 	0	1	0	
-1.654714 	-1.429243 	0	1	0	
-0.112369 	-1.121799 	1	0	0	
-0.679342 	-1.961180 	1	0	0	
-0.116764 	-1.054353 	1	0	0	
-0.806604 	-0.519852 	0	1	0	
-1.475143 	-0.309641 	1	0	0	
-1.748955 	-1.470626 	1	0	0	
-1.582751 	-0.228156 	1	0	0	
-1.905881 	-1.352092 	1	0	0	
-0.611652 	-1.929624 	1	0	0	
-0.011170 	-0.684774 	1	0	0	
-1.835627 	-0.087893 	1	0	0	
-1.557421 	-1.447127 	0	1	0	
-0.950957 	-1.718497 	0	1	0	
-0.185247 	-1.657460 	1	0	0	
-0.081423 	-0.913846 	1	0	0	
-1.225379 	-1.498642 	0	1	0	
-1.153966 	-1.466720 	0	1	0	
-1.579882 	-0.423414 	1	0	0	
-0.332713 	-0.316843 	1	0	0	
-1.131321 	-1.677602 	0	1	0	
-0.199896 	-1.760186 	1	0	0	
-1.866695 	-1.678579 	1	0	0	
-1.369304 	-1.356120 	0	1	0	
-1.903012 	-0.687033 	1	0	0	
-0.221870 	-1.472762 	1	0	0	
-0.603839 	-0.209113 	1	0	0	
-0.449171 	-1.405683 	0	1	0	
-1.972411 	-1.566637 	1	0	0	
-1.093234 	-0.008301 	1	0	0	
-0.509537 	-1.071932 	0	1	0	
-0.769738 	-1.772210 	1	0	0	
-0.724509 	-0.247322 	1	0	0	
-0.762902 	-0.292978 	0	1	0	
-0.485183 	-0.523453 	0	1	0	
-0.678304 	-0.061708 	1	0	0	
-1.395672 	-0.856349 	0	1	0	
-1.342021 	-0.517167 	0	1	0	
-0.388989 	-1.699942 	1	0	0	
-0.633503 	-1.297281 	0	1	0	
-1.721915 	-1.771355 	1	0	0	
-0.939299 	-0.627949 	0	0	1	
-1.559496 	-1.046907 	0	1	0	
-1.915830 	-1.785638 	1	0	0	
-0.337413 	-0.425611 	1	0	0	
-1.247353 	-1.571276 	0	1	0	
-1.088778 	-1.498947 	0	1	0	
-1.088717 	-1.734611 	0	1	0	
-0.923124 	-0.862453 	0	0	1	
-0.878201 	-1.283853 	0	0	1	
-1.846065 	-0.409253 	1	0	0	
-0.209601 	-0.620563 	1	0	0	
-0.104923 	-0.039979 	1	0	0	
-0.449843 	-1.435713 	0	1	0	
-0.251045 	-0.229560 	1	0	0	
-0.790796 	-1.305216 	0	0	1	
-1.102390 	-0.885891 	0	0	1	
-1.421613 	-0.922147 	0	1	0	
-1.797601 	-1.939634 	1	0	0	
-1.510239 	-0.903043 	0	1	0	
-1.126682 	-0.101810 	1	0	0	
-0.680319 	-0.106021 	1	0	0	
-0.326731 	-1.226905 	0	1	0	
-1.672597 	-0.398267 	1	0	0	
-0.529740 	-0.718467 	0	1	0	
-0.876308 	-1.809931 	1	0	0	
-1.050569 	-1.416242 	0	1	0	
-0.420240 	-1.012299 	0	1	0	
-1.702139 	-1.400067 	1	0	0	
-0.509232 	-1.058260 	0	1	0	
-1.325358 	-1.149876 	0	0	1	
-1.694266 	-1.320780 	0	1	0	
-1.721671 	-0.498856 	1	0	0	
-1.764031 	-1.569628 	1	0	0	
-1.175024 	-0.816614 	0	0	1	
-0.944914 	-1.120762 	0	0	1	
-0.751793 	-0.860317 	0	0	1	
-0.096866 	-0.998810 	1	0	0	
-1.564867 	-1.731925 	1	0	0	
-1.593249 	-0.047792 	1	0	0	
-0.190374 	-1.377422 	1	0	0	
-1.571215 	-0.929228 	0	1	0	
-0.424512 	-0.067385 	1	0	0	
-1.241493 	-0.943571 	0	0	1	
-0.567461 	-1.295267 	0	1	0	
-1.943480 	-1.614734 	1	0	0	
-0.421949 	-1.530564 	0	1	0	
-1.634388 	-1.972472 	1	0	0	
-1.194433 	-1.266091 	0	0	1	
-1.499252 	-1.472213 	0	1	0	
-0.486282 	-0.794519 	0	1	0	
-0.369762 	-1.489059 	0	1	0	
-1.561937 	-1.153844 	0	1	0	
-1.639027 	-1.323405 	0	1	0	
-1.081881 	-1.677602 	0	1	0	
-0.359813 	-1.655507 	1	0	0	
-0.488418 	-0.588702 	0	1	0	
-1.214331 	-1.387432 	0	1	0	
-1.231117 	-0.073122 	1	0	0	
-1.041902 	-0.808374 	0	0	1	
-1.018952 	-0.271981 	0	1	0	
-0.613422 	-1.022675 	0	0	1	
-1.288430 	-1.629078 	0	1	0	
-1.339213 	-0.576006 	0	1	0	
-1.073031 	-0.030763 	1	0	0	
-1.597522 	-1.219275 	0	1	0	
-1.463301 	-0.177557 	1	0	0	
-0.372204 	-1.745781 	1	0	0	
-1.843623 	-1.622425 	1	0	0	
-0.886380 	-1.840999 	1	0	0	
-0.093997 	-0.915006 	1	0	0	
-1.919309 	-0.880886 	1	0	0	
-1.945006 	-0.289438 	1	0	0	
-1.494675 	-1.617603 	0	1	0	
-1.670949 	-0.331370 	1	0	0	
-0.627583 	-1.688284 	0	1	0	
-1.311869 	-1.064302 	0	0	1	
-1.817499 	-0.887051 	1	0	0	
-0.609760 	-0.890042 	0	1	0	
-1.974303 	-1.135044 	1	0	0	
-0.847194 	-1.823725 	1	0	0	
-0.466506 	-1.087680 	0	1	0	
-0.775475 	-0.457411 	0	1	0	
-1.977172 	-0.316111 	1	0	0	
-1.820978 	-1.093661 	1	0	0	
-0.856044 	-1.000275 	0	0	1	
-0.755272 	-0.482742 	0	1	0	
-0.655721 	-0.071230 	1	0	0	
-1.018525 	-0.604083 	0	0	1	
-1.538621 	-1.740349 	1	0	0	
-0.882168 	-0.927702 	0	0	1	
-1.242286 	-1.352336 	0	1	0	
-1.639149 	-0.593402 	0	1	0	
-0.291330 	-0.500320 	1	0	0	
-0.008606 	-1.946043 	1	0	0	
-1.142613 	-0.340342 	0	1	0	
-1.944151 	-1.863155 	1	0	0	
-1.951476 	-1.041780 	1	0	0	
-0.029725 	-0.313364 	1	0	0	
-0.646931 	-0.312876 	0	1	0	
-1.655690 	-0.582842 	0	1	0	
-0.002503 	-0.937529 	1	0	0	
-0.156743 	-0.606891 	1	0	0	
-1.391095 	-0.261116 	1	0	0	
-0.104984 	-1.844783 	1	0	0	
-1.910276 	-1.563829 	1	0	0	
-0.940580 	-1.134922 	0	0	1	
-0.567156 	-0.256966 	1	0	0	
-0.130985 	-1.968261 	1	0	0	
-0.208441 	-0.842494 	1	0	0	
-0.045045 	-0.616657 	1	0	0	
-0.884732 	-1.570421 	0	1	0	
-1.728568 	-1.554796 	1	0	0	
-1.335124 	-0.733482 	0	1	0	
-1.770623 	-1.611988 	1	0	0	
-0.281503 	-1.536546 	1	0	0	
-1.446821 	-1.292520 	0	1	0	
-0.217963 	-1.476485 	1	0	0	
-0.327403 	-0.700949 	0	1	0	
-1.384503 	-1.172826 	0	1	0	
-1.538011 	-0.510819 	0	1	0	
-0.610981 	-0.583575 	0	1	0	
-0.859279 	-1.413556 	0	1	0	
-0.720786 	-1.546434 	0	1	0	
-0.855556 	-0.485244 	0	1	0	
-1.179724 	-0.581072 	0	1	0	
-0.216559 	-1.909421 	1	0	0	
-1.678640 	-0.891079 	0	1	0	
-1.502792 	-0.492019 	0	1	0	
-1.337626 	-1.502121 	0	1	0	
-1.479904 	-1.407575 	0	1	0	
-1.218238 	-0.474624 	0	1	0	
-1.230995 	-0.612812 	0	1	0	
-0.832057 	-0.128361 	1	0	0	
-0.233528 	-1.366008 	1	0	0	
-0.332774 	-1.215918 	0	1	0	
-1.588427 	-1.289346 	0	1	0	
-1.079745 	-1.982727 	1	0	0	
-0.589007 	-1.411481 	0	1	0	
-0.259346 	-1.052095 	0	1	0	
-1.818049 	-1.628285 	1	0	0	
-0.253304 	-0.070986 	1	0	0	
-0.958220 	-0.018983 	1	0	0	
-0.439894 	-1.055879 	0	1	0	
-0.506485 	-0.455519 	0	1	0	
-0.116764 	-0.374462 	1	0	0	
-1.577074 	-1.941771 	1	0	0	
-0.232063 	-0.302561 	1	0	0	
-0.982391 	-0.121342 	1	0	0	
-0.611713 	-0.091922 	1	0	0	
-1.778924 	-0.390698 	1	0	0	
-0.370251 	-1.487594 	0	1	0	
-0.464736 	-1.054903 	0	1	0	
-0.193060 	-0.631916 	1	0	0	
-1.017914 	-1.964232 	1	0	0	
-0.176519 	-1.293069 	1	0	0	
-0.961272 	-1.068636 	0	0	1	
-1.915220 	-1.354778 	1	0	0	
-1.642628 	-0.327769 	1	0	0	
-0.521561 	-1.505600 	0	1	0	
-1.916990 	-1.413556 	1	0	0	
-1.267739 	-0.064943 	1	0	0	
-1.419111 	-0.643757 	0	1	0	
-0.535417 	-0.883206 	0	1	0	
-0.612629 	-1.583361 	0	1	0	
-1.761650 	-0.253365 	1	0	0	
-1.804865 	-0.751061 	1	0	0	
-0.068667 	-1.772515 	1	0	0	
-0.313059 	-0.869411 	0	1	0	
-0.264840 	-1.089206 	0	1	0	
-1.971740 	-1.094699 	1	0	0	
-1.903500 	-1.475875 	1	0	0	
-0.165716 	-0.665365 	1	0	0	
-0.088626 	-0.162297 	1	0	0	
-0.579730 	-1.405622 	0	1	0	
-1.714103 	-0.368725 	1	0	0	
-0.848964 	-1.521958 	0	1	0	
-1.823298 	-0.975494 	1	0	0	
-1.300394 	-0.130314 	1	0	0	
-1.778130 	-0.766747 	1	0	0	
-1.970824 	-0.951384 	1	0	0	
-1.923887 	-1.186438 	1	0	0	
-0.090030 	-0.610675 	1	0	0	
-0.437330 	-0.542802 	0	1	0	
-1.216834 	-1.982421 	1	0	0	
-1.046602 	-1.600208 	0	1	0	
-0.213507 	-0.013306 	1	0	0	
-1.308817 	-1.494613 	0	1	0	
-1.249245 	-0.464736 	0	1	0	
-0.134526 	-1.911191 	1	0	0	
-1.017182 	-1.009796 	0	0	1	
-0.245552 	-0.461196 	1	0	0	
-0.354747 	-1.123875 	0	1	0	
-0.253487 	-1.195288 	0	1	0	
-0.452895 	-0.205573 	1	0	0	
-0.047609 	-1.191015 	1	0	0	
-0.843471 	-0.365551 	0	1	0	
-0.177984 	-1.152379 	1	0	0	
-1.351054 	-1.320597 	0	1	0	
-0.923002 	-0.958281 	0	0	1	
-1.197058 	-1.830988 	1	0	0	
-1.727348 	-0.098025 	1	0	0	
-1.444075 	-1.118198 	0	1	0	
-0.698691 	-1.930723 	1	0	0	
-1.967162 	-0.700705 	1	0	0	
-0.851222 	-1.706351 	0	1	0	
-1.140049 	-0.085086 	1	0	0	
-0.781457 	-1.286416 	0	0	1	
-1.424055 	-0.750145 	0	1	0	
-0.466201 	-0.501297 	0	1	0	
-1.046052 	-1.861324 	1	0	0	
-1.868831 	-0.081240 	1	0	0	
-0.954863 	-0.153630 	1	0	0	
-1.041169 	-0.099796 	1	0	0	
-1.241432 	-1.419477 	0	1	0	
-1.409955 	-0.865993 	0	1	0	
-0.212165 	-0.039491 	1	0	0	
-0.933378 	-0.203314 	0	1	0	
-0.301523 	-1.994568 	1	0	0	
-0.816797 	-0.053285 	1	0	0	
-0.012329 	-1.794610 	1	0	0	
-0.474502 	-0.340159 	1	0	0	
-0.070864 	-0.763939 	1	0	0	
-0.424879 	-1.035310 	0	1	0	
-0.984039 	-1.118992 	0	0	1	
-1.806635 	-0.357860 	1	0	0	
-0.186773 	-1.276650 	1	0	0	
-0.204047 	-0.050356 	1	0	0	
-1.966552 	-0.830592 	1	0	0	
-0.467910 	-1.665151 	1	0	0	
-0.352672 	-0.633198 	0	1	0	
-0.219916 	-0.800623 	1	0	0	
-0.158208 	-0.420118 	1	0	0	
-0.728782 	-1.224158 	0	0	1	
-0.361583 	-1.415510 	0	1	0	
-0.844264 	-1.818964 	1	0	0	
-1.015290 	-0.355358 	0	1	0	
-0.677755 	-0.292795 	0	1	0	
-1.869747 	-0.366100 	1	0	0	
-0.716269 	-0.586200 	0	1	0	
-1.899594 	-1.136204 	1	0	0	
-1.057466 	-1.916868 	1	0	0	
-1.919553 	-1.818293 	1	0	0	
-0.453383 	-0.398511 	1	0	0	
-1.477645 	-1.099216 	0	1	0	
-1.850398 	-1.171972 	1	0	0	
-0.213446 	-1.875607 	1	0	0	
-0.112247 	-1.984375 	1	0	0	
-0.868740 	-0.972259 	0	0	1	
-0.615009 	-0.156072 	1	0	0	
-0.137455 	-1.341411 	1	0	0	
-0.399731 	-1.871639 	1	0	0	
-0.543718 	-1.179357 	0	1	0	
-0.571795 	-1.731681 	1	0	0	
-1.534104 	-1.398907 	0	1	0	
-1.633717 	-1.505173 	1	0	0	
-0.972808 	-1.895077 	1	0	0	
-0.438856 	-0.017518 	1	0	0	
-1.226173 	-0.040468 	1	0	0	
-0.454054 	-1.113620 	0	1	0	
-1.024751 	-1.849544 	1	0	0	
-0.018067 	-1.631581 	1	0	0	
-1.290201 	-1.247536 	0	0	1	
-0.283700 	-0.326792 	1	0	0	
-0.114689 	-1.882992 	1	0	0	
-1.531053 	-1.682363 	1	0	0	
-1.079806 	-0.920255 	0	0	1	
-1.539415 	-1.542955 	0	1	0	
-0.103030 	-1.250404 	1	0	0	
-0.704978 	-0.511673 	0	1	0	
-0.999115 	-1.557176 	0	1	0	
-1.592700 	-0.045473 	1	0	0	
-0.943571 	-0.676229 	0	0	1	
-1.608631 	-1.186926 	0	1	0	
-0.026185 	-1.684866 	1	0	0	
-0.481033 	-0.870876 	0	1	0	
-0.081973 	-0.159185 	1	0	0	
-1.238136 	-1.742668 	0	1	0	
-0.986663 	-0.037660 	1	0	0	
-0.368480 	-0.425245 	1	0	0	
-1.604602 	-1.526780 	1	0	0	
-1.853328 	-0.173345 	1	0	0	
-1.576830 	-0.487503 	0	1	0	
-0.756798 	-0.851833 	0	0	1	
-1.136204 	-1.739982 	0	1	0	
-1.063082 	-0.175420 	1	0	0	
-1.137303 	-1.723258 	0	1	0	
-1.446272 	-1.148167 	0	1	0	
-0.489029 	-0.948149 	0	1	0	
-1.661916 	-1.639271 	1	0	0	
-1.176550 	-1.680715 	0	1	0	
-1.246742 	-1.033113 	0	0	1	
-0.061037 	-1.293435 	1	0	0	
-1.215186 	-1.891537 	1	0	0	
-1.644154 	-0.722129 	0	1	0	
-0.438490 	-1.564318 	0	1	0	
-0.984344 	-0.465651 	0	1	0	
-1.395795 	-1.687429 	0	1	0	
-0.954131 	-1.566088 	0	1	0	
-0.983245 	-0.504959 	0	1	0	
-1.023469 	-0.006897 	1	0	0	
-1.069552 	-1.952818 	1	0	0	
-1.758782 	-1.966979 	1	0	0	
-0.484939 	-0.441542 	0	1	0	
-0.223945 	-0.366405 	1	0	0	
-1.131382 	-1.276406 	0	0	1	
-0.471633 	-0.144597 	1	0	0	
-1.901059 	-1.650685 	1	0	0	
-0.311045 	-0.704733 	0	1	0	
-1.091281 	-0.151799 	1	0	0	
-0.541398 	-0.964385 	0	1	0	
-1.002899 	-1.716056 	0	1	0	
-1.837580 	-1.449141 	1	0	0	
-1.409955 	-1.970031 	1	0	0	
-1.474960 	-0.866420 	0	1	0	
-1.587268 	-1.896359 	1	0	0	
-1.082736 	-1.597705 	0	1	0	
-1.585192 	-0.761315 	0	1	0	
-1.611011 	-1.545579 	1	0	0	
-0.436781 	-0.241646 	1	0	0	
-0.700644 	-0.774316 	0	0	1	
-1.987426 	-1.687735 	1	0	0	
-0.643391 	-0.380871 	0	1	0	
-0.031312 	-1.461226 	1	0	0	
-0.118534 	-0.033326 	1	0	0	
-1.445967 	-0.284738 	1	0	0	
-1.894894 	-1.615589 	1	0	0	
-1.008576 	-1.540330 	0	1	0	
-1.685171 	-1.414228 	1	0	0	
-0.584735 	-0.454237 	0	1	0	
-0.339976 	-0.286508 	1	0	0	
-0.375072 	-1.107456 	0	1	0	
-0.569414 	-0.246040 	1	0	0	
-0.908231 	-1.205969 	0	0	1	
-0.379101 	-0.903958 	0	1	0	
-1.467330 	-1.551866 	0	1	0	
-0.408826 	-0.202643 	1	0	0	
-1.637623 	-0.150029 	1	0	0	
-1.361309 	-0.881130 	0	0	1	
-1.662587 	-1.890194 	1	0	0	
-0.707663 	-1.106906 	0	0	1	
-0.296396 	-1.739250 	1	0	0	
-0.858242 	-0.714255 	0	0	1	
-1.839717 	-0.384106 	1	0	0	
-1.985717 	-1.485397 	1	0	0	
-1.046602 	-0.260811 	0	1	0	
-1.687490 	-0.911771 	0	1	0	
-1.590320 	-0.907376 	0	1	0	
-0.676412 	-1.873531 	1	0	0	
-0.774682 	-1.579211 	0	1	0	
-0.685629 	-1.674429 	0	1	0	
-0.179510 	-0.062929 	1	0	0	
-1.775750 	-0.869716 	0	1	0	
-0.927213 	-1.627796 	0	1	0	
-1.232215 	-1.324625 	0	0	1	
-1.257118 	-1.050264 	0	0	1	
-1.240089 	-1.940489 	1	0	0	
-1.097140 	-1.651296 	0	1	0	
-1.522935 	-1.486496 	0	1	0	
-1.318155 	-0.282174 	0	1	0	
-0.135075 	-0.974761 	1	0	0	
-0.359569 	-0.197699 	1	0	0	
-0.592975 	-1.015168 	0	1	0	
-1.914121 	-0.752709 	1	0	0	
-0.534013 	-0.588885 	0	1	0	
-0.357738 	-1.861080 	1	0	0	
-0.090579 	-0.676778 	1	0	0	
-1.614002 	-0.153569 	1	0	0	
-1.166051 	-1.181249 	0	0	1	
-0.138859 	-0.772790 	1	0	0	
-1.800653 	-0.578021 	1	0	0	
-1.714896 	-1.741813 	1	0	0	
-0.814844 	-0.736717 	0	0	1	
-0.740257 	-0.844691 	0	0	1	
-0.917631 	-0.345836 	0	1	0	
-1.703116 	-1.956786 	1	0	0	
-1.466903 	-1.381756 	0	1	0	
-1.525132 	-0.760643 	0	1	0	
-1.069735 	-0.057131 	1	0	0	
-0.465163 	-0.787439 	0	1	0	
-1.210120 	-0.688559 	0	0	1	
-0.268319 	-1.718925 	1	0	0	
-1.091647 	-1.918455 	1	0	0	
-1.248695 	-0.889492 	0	0	1	
-0.882107 	-1.730461 	0	1	0	
-0.992950 	-1.924436 	1	0	0	
-1.548448 	-0.695578 	0	1	0	
-0.373180 	-1.452559 	0	1	0	
-0.468581 	-1.885861 	1	0	0	
-1.555467 	-1.830805 	1	0	0	
-1.008759 	-0.893460 	0	0	1	
-1.691397 	-0.817408 	0	1	0	
-1.252113 	-0.393323 	0	1	0	
-0.982086 	-0.132633 	1	0	0	
-0.068361 	-0.685629 	1	0	0	
-0.799585 	-1.843135 	1	0	0	
-1.710135 	-0.656514 	0	1	0	
-0.554827 	-0.507828 	0	1	0	
-1.123753 	-0.594134 	0	1	0	
-0.999115 	-0.024110 	1	0	0	
-1.163610 	-1.298135 	0	0	1	
-0.646992 	-1.109470 	0	0	1	
-1.895077 	-0.918912 	1	0	0	
-1.007111 	-0.357860 	0	1	0	
-1.175512 	-1.965392 	1	0	0	
-1.309671 	-0.808191 	0	0	1	
-0.700034 	-1.917905 	1	0	0	
-0.417249 	-0.961333 	0	1	0	
-0.699240 	-1.884213 	1	0	0	
-0.607074 	-0.184332 	1	0	0	
-1.477279 	-0.736167 	0	1	0	
-0.911039 	-1.438765 	0	1	0	
-0.976836 	-1.163976 	0	0	1	
-0.702963 	-1.270302 	0	1	0	
-0.559526 	-1.086215 	0	1	0	
-1.218421 	-1.998535 	1	0	0	
-0.187811 	-0.852565 	1	0	0	
-1.696402 	-0.042299 	1	0	0	
-1.197485 	-1.677297 	0	1	0	
-1.828974 	-1.320475 	1	0	0	
-1.847224 	-1.740532 	1	0	0	
-1.207556 	-1.663198 	0	1	0	
-1.832820 	-1.395123 	1	0	0	
-1.452559 	-1.173193 	0	1	0	
-0.954192 	-1.916196 	1	0	0	
-1.713981 	-0.473830 	1	0	0	
-0.121830 	-1.231544 	1	0	0	
-1.230689 	-1.780938 	1	0	0	
-1.890744 	-1.069979 	1	0	0	
-1.636158 	-0.736229 	0	1	0	
-0.709006 	-0.964507 	0	0	1	
-0.697043 	-1.940977 	1	0	0	
-0.069460 	-1.549486 	1	0	0	
-0.173650 	-0.124882 	1	0	0	
-0.750084 	-0.587359 	0	1	0	
-1.488571 	-1.890744 	1	0	0	
-1.332743 	-0.163884 	1	0	0	
-1.891232 	-1.969481 	1	0	0	
-1.185888 	-0.488723 	0	1	0	
-0.806482 	-0.925199 	0	0	1	
-1.100620 	-0.738792 	0	0	1	
-1.054231 	-0.246773 	0	1	0	
-1.765496 	-0.382336 	1	0	0	
-0.627155 	-1.763665 	1	0	0	
-1.269570 	-1.420820 	0	1	0	
-1.715201 	-1.323160 	0	1	0	
-1.819819 	-0.986358 	1	0	0	
-0.662984 	-1.667409 	0	1	0	
-0.860805 	-0.732139 	0	0	1	
-1.549181 	-0.446425 	0	1	0	
-0.784875 	-0.453322 	0	1	0	
-1.073458 	-0.306345 	0	1	0	
-0.418714 	-0.375683 	1	0	0	
-1.440229 	-0.988250 	0	1	0	
-0.475539 	-1.549974 	0	1	0	
-0.925871 	-0.376904 	0	1	0	
-0.159307 	-0.789209 	1	0	0	
-0.816919 	-0.436232 	0	1	0	
-1.108798 	-1.586474 	0	1	0	
-0.406629 	-0.968535 	0	1	0	
-1.868831 	-1.450423 	1	0	0	
-0.738426 	-1.136082 	0	0	1	
-1.076876 	-1.096530 	0	0	1	
-0.781884 	-1.681265 	0	1	0	
-0.551592 	-1.931394 	1	0	0	
-0.730613 	-1.783929 	1	0	0	
-0.471206 	-1.266945 	0	1	0	
-0.108402 	-1.492782 	1	0	0	
-1.829402 	-1.703482 	1	0	0	
-1.371685 	-1.668386 	0	1	0	
-0.355663 	-0.117191 	1	0	0	
-0.694967 	-0.375622 	0	1	0	
-1.089022 	-0.691794 	0	0	1	
-0.628376 	-1.662770 	0	1	0	
-1.789911 	-1.429365 	1	0	0	
-0.312754 	-1.664602 	1	0	0	
-0.381237 	-0.580096 	0	1	0	
-1.941771 	-1.967406 	1	0	0	
-0.602802 	-0.427381 	0	1	0	
-1.156652 	-1.173437 	0	0	1	
-1.069063 	-0.865383 	0	0	1	
-0.063112 	-0.601581 	1	0	0	
-1.916135 	-0.207343 	1	0	0	
-0.555986 	-1.062593 	0	1	0	
-0.226203 	-1.662404 	1	0	0	
-0.640156 	-0.645955 	0	1	0	
-0.417493 	-0.916654 	0	1	0	
-1.435591 	-0.455947 	0	1	0	
-0.785485 	-1.258644 	0	0	1	
-1.552660 	-0.234504 	1	0	0	
-0.384594 	-1.683950 	1	0	0	
-0.526688 	-0.808313 	0	1	0	
-1.437300 	-0.418836 	0	1	0	
-1.998474 	-1.297159 	1	0	0	
-1.457747 	-1.298807 	0	1	0	
-0.327830 	-0.022401 	1	0	0	
-0.277963 	-1.439924 	1	0	0	
-1.329508 	-1.051363 	0	0	1	
-0.163884 	-1.641285 	1	0	0	
-0.815943 	-1.316263 	0	0	1	
-0.208441 	-1.955077 	1	0	0	
-1.637806 	-0.244758 	1	0	0	
-1.189917 	-1.861873 	1	0	0	
-0.906949 	-0.840052 	0	0	1	
-0.082339 	-1.489181 	1	0	0	
-0.091128 	-0.147160 	1	0	0	
-0.406018 	-1.310770 	0	1	0	
-1.667104 	-0.043764 	1	0	0	
-1.604846 	-0.763024 	0	1	0	
-1.019379 	-0.292795 	0	1	0	
-1.639149 	-1.217994 	0	1	0	
-1.273598 	-0.794092 	0	0	1	
-1.980590 	-1.748222 	1	0	0	
-1.749931 	-0.972564 	0	1	0	
-1.196570 	-1.122898 	0	0	1	
-1.725761 	-1.241432 	0	1	0	
-0.312632 	-0.471694 	1	0	0	
-0.194098 	-0.476028 	1	0	0	
-0.139103 	-0.053774 	1	0	0	
-1.305887 	-0.437574 	0	1	0	
-1.750664 	-0.570452 	1	0	0	
-0.182867 	-1.083712 	1	0	0	
-0.304819 	-0.457656 	1	0	0	
-0.790002 	-1.702628 	0	1	0	
-1.389203 	-1.596545 	0	1	0	
-0.552812 	-1.809442 	1	0	0	
-0.082095 	-0.879849 	1	0	0	
-1.409284 	-0.741844 	0	1	0	
-1.916623 	-0.071108 	1	0	0	
-1.982116 	-1.892148 	1	0	0	
-1.933592 	-1.393963 	1	0	0	
-0.560259 	-0.513504 	0	1	0	
-1.012909 	-1.289834 	0	0	1	
-1.576220 	-1.038484 	0	1	0	
-1.669057 	-1.781182 	1	0	0	
-1.266579 	-0.845790 	0	0	1	
-0.498672 	-1.877071 	1	0	0	
-1.204321 	-0.414808 	0	1	0	
-1.469222 	-0.460097 	0	1	0	
-1.389264 	-0.803674 	0	1	0	
-1.233314 	-1.090670 	0	0	1	
-1.584765 	-0.389294 	1	0	0	
-0.659261 	-0.166692 	1	0	0	
-0.587970 	-1.806635 	1	0	0	
-1.763298 	-0.876858 	0	1	0	
-0.121220 	-1.024323 	1	0	0	
-0.231758 	-0.383618 	1	0	0	
-1.031953 	-1.495346 	0	1	0	
-0.720908 	-0.674703 	0	1	0	
-0.488723 	-1.318400 	0	1	0	
-1.120884 	-0.519913 	0	1	0	
-1.860958 	-0.349254 	1	0	0	
-0.972686 	-0.970916 	0	0	1	
-1.969420 	-1.198584 	1	0	0	
-0.224860 	-1.841182 	1	0	0	
-1.395856 	-1.053682 	0	0	1	
-1.517502 	-1.604419 	0	1	0	
-0.538408 	-0.262581 	1	0	0	
-0.180486 	-0.148381 	1	0	0	
-1.100253 	-0.616779 	0	0	1	
-1.135411 	-0.821192 	0	0	1	
-1.700125 	-1.271035 	0	1	0	
-0.885708 	-1.208594 	0	0	1	
-1.290689 	-1.237037 	0	0	1	
-1.785821 	-1.078890 	0	1	0	
-1.073763 	-0.389355 	0	1	0	
-0.773461 	-0.933805 	0	0	1	
-0.598102 	-1.920225 	1	0	0	
-1.756035 	-1.601550 	1	0	0	
-0.729575 	-0.180548 	1	0	0	
-1.835078 	-0.311106 	1	0	0	
-1.178564 	-0.846583 	0	0	1	
-0.559648 	-1.684133 	1	0	0	
-1.274636 	-1.346660 	0	1	0	
-0.393506 	-1.082186 	0	1	0	
-1.674123 	-0.488296 	1	0	0	
-1.585192 	-0.747398 	0	1	0	
-1.688894 	-1.221595 	0	1	0	
-1.627247 	-0.173040 	1	0	0	
-1.923887 	-1.476485 	1	0	0	
-0.494034 	-1.142552 	0	1	0	
-0.910794 	-1.012787 	0	0	1	
-1.843196 	-0.873745 	1	0	0	
-1.425031 	-1.218238 	0	1	0	
-1.369671 	-1.705985 	0	1	0	
-1.173803 	-1.793939 	1	0	0	
-0.500320 	-0.767968 	0	1	0	
-1.543443 	-1.263955 	0	1	0	
-0.615131 	-0.063601 	1	0	0	
-1.091830 	-1.246559 	0	0	1	
-1.983398 	-0.412915 	1	0	0	
-1.475082 	-1.424665 	0	1	0	
-0.602313 	-1.686209 	0	1	0	
-0.495193 	-1.152867 	0	1	0	
-1.125828 	-0.768700 	0	0	1	
-1.956420 	-0.638997 	1	0	0	
-1.069979 	-1.693350 	0	1	0	
-1.017060 	-1.637318 	0	1	0	
-0.483718 	-1.378399 	0	1	0	
-0.725791 	-0.590533 	0	1	0	
-0.272103 	-1.408734 	1	0	0	
-0.428602 	-0.159185 	1	0	0	
-1.358928 	-1.297281 	0	1	0	
-1.734245 	-0.074770 	1	0	0	
-1.876827 	-1.664418 	1	0	0	
-0.725730 	-1.254799 	0	0	1	
-0.572527 	-0.772912 	0	1	0	
-0.106143 	-0.116642 	1	0	0	
-1.614185 	-0.855861 	0	1	0	
-1.964476 	-1.029206 	1	0	0	
-0.988372 	-1.674795 	0	1	0	
-0.850673 	-1.837397 	1	0	0	
-1.675039 	-1.746330 	1	0	0	
-1.847041 	-0.399182 	1	0	0	
-1.786554 	-0.673727 	1	0	0	
-1.322306 	-1.071810 	0	0	1	
-0.859462 	-1.021760 	0	0	1	
-1.057955 	-1.084628 	0	0	1	
-0.486526 	-1.171850 	0	1	0	
-1.431990 	-1.735771 	1	0	0	
-0.475051 	-1.595325 	0	1	0	
-0.349803 	-0.351207 	1	0	0	
-0.721091 	-1.982055 	1	0	0	
-1.607959 	-1.942808 	1	0	0	
-1.985412 	-1.662160 	1	0	0	
-1.379254 	-0.502518 	0	1	0	
-1.759392 	-0.757958 	0	1	0	
-0.506607 	-0.871853 	0	1	0	
-0.408460 	-0.504166 	0	1	0	
-1.292825 	-1.122105 	0	0	1	
-1.780328 	-0.173406 	1	0	0	
-0.473830 	-0.384228 	1	0	0	
-1.465194 	-1.044649 	0	1	0	
-1.063204 	-0.065615 	1	0	0	
-0.896329 	-0.852138 	0	0	1	
-0.755394 	-1.390790 	0	1	0	
-0.477798 	-1.152684 	0	1	0	
-1.574816 	-1.203467 	0	1	0	
-1.926695 	-1.047578 	1	0	0	
-0.458327 	-0.968902 	0	1	0	
-1.018281 	-1.698416 	0	1	0	
-1.459761 	-0.912137 	0	1	0	
-0.920682 	-1.072481 	0	0	1	
-1.261635 	-0.230293 	1	0	0	
-1.306803 	-1.357097 	0	1	0	
-0.684103 	-1.317362 	0	1	0	
-1.431440 	-0.478530 	0	1	0	
-1.877132 	-0.937468 	1	0	0	
-0.360179 	-0.164312 	1	0	0	
-1.883480 	-0.285470 	1	0	0	
-0.539018 	-1.986267 	1	0	0	
-0.260689 	-0.871364 	0	1	0	
-1.890316 	-1.820490 	1	0	0	
-1.449080 	-0.166326 	1	0	0	
-0.624226 	-0.164373 	1	0	0	
-1.573046 	-1.948546 	1	0	0	
-1.952574 	-0.745262 	1	0	0	
-0.363781 	-1.284890 	0	1	0	
-0.891751 	-0.859951 	0	0	1	
-1.890561 	-1.087924 	1	0	0	
-0.344188 	-1.882687 	1	0	0	
-0.787866 	-0.183538 	1	0	0	
-0.643635 	-1.377606 	0	1	0	
-1.666433 	-1.828669 	1	0	0	
-1.753044 	-1.255470 	0	1	0	
-0.395032 	-0.614765 	0	1	0	
-0.302744 	-1.409467 	1	0	0	
-0.941435 	-0.696738 	0	0	1	
-0.655538 	-1.270058 	0	1	0	
-0.458449 	-1.282510 	0	1	0	
-0.186407 	-0.714743 	1	0	0	
-0.304941 	-0.322398 	1	0	0	
-1.965514 	-0.771020 	1	0	0	
-1.686514 	-0.335093 	1	0	0	
-1.029572 	-1.549669 	0	1	0	
-1.605884 	-1.307596 	0	1	0	
-1.432356 	-1.846004 	1	0	0	
-1.808771 	-0.607074 	1	0	0	
-0.258248 	-1.846736 	1	0	0	
-0.413526 	-0.842433 	0	1	0	
-1.789727 	-1.379925 	1	0	0	
-0.912076 	-1.611499 	0	1	0	
-0.013245 	-1.144810 	1	0	0	
-0.228767 	-0.073244 	1	0	0	
-0.653768 	-1.360332 	0	1	0	
-0.526322 	-0.281808 	1	0	0	
-0.923246 	-1.268532 	0	0	1	
-0.444594 	-0.219123 	1	0	0	
-0.171758 	-1.931578 	1	0	0	
-0.460585 	-0.464736 	0	1	0	
-1.628529 	-1.758293 	1	0	0	
-0.057375 	-1.439558 	1	0	0	
-0.420240 	-1.199744 	0	1	0	
-1.388836 	-1.161657 	0	1	0	
-0.054140 	-0.049440 	1	0	0	
-1.127781 	-0.451064 	0	1	0	
-0.553667 	-1.787286 	1	0	0	
-1.185888 	-1.521287 	0	1	0	
-0.433668 	-0.402661 	1	0	0	
-1.991455 	-0.895047 	1	0	0	
-1.702994 	-0.137577 	1	0	0	
-1.013520 	-0.581866 	0	1	0	
-0.082278 	-1.583056 	1	0	0	
-0.220099 	-0.454543 	1	0	0	
-1.623707 	-0.569964 	0	1	0	
-1.156407 	-1.763054 	0	1	0	
-1.920591 	-1.289956 	1	0	0	
-1.332682 	-0.721580 	0	1	0	
-1.094577 	-0.083987 	1	0	0	
-0.607685 	-0.108341 	1	0	0	
-0.747581 	-1.336955 	0	1	0	
-1.255898 	-1.814142 	1	0	0	
-0.065981 	-1.914487 	1	0	0	
-0.405469 	-0.277291 	1	0	0	
-1.264687 	-1.581103 	0	1	0	
-0.535478 	-1.743706 	1	0	0	
-1.558519 	-1.835871 	1	0	0	
-0.718345 	-1.287515 	0	1	0	
-1.848628 	-0.603046 	1	0	0	
-0.296884 	-0.532121 	1	0	0	
-1.311014 	-1.217139 	0	0	1	
-1.681509 	-0.006897 	1	0	0	
-0.075076 	-1.136448 	1	0	0	
-1.956481 	-1.079012 	1	0	0	
-1.179479 	-0.826502 	0	0	1	
-1.982482 	-1.396100 	1	0	0	
-1.992431 	-0.247627 	1	0	0	
-0.682150 	-0.778832 	0	0	1	
-0.285104 	-1.386090 	1	0	0	
-1.197424 	-1.500168 	0	1	0	
-1.144505 	-0.265450 	0	1	0	
-0.604633 	-1.888180 	1	0	0	
-1.913205 	-0.876370 	1	0	0	
-1.876705 	-1.191321 	1	0	0	
-1.344707 	-0.460952 	0	1	0	
-1.778069 	-0.642659 	1	0	0	
-0.160894 	-0.591205 	1	0	0	
-1.381146 	-0.660726 	0	1	0	
-1.199133 	-1.476974 	0	1	0	
-0.891263 	-1.124607 	0	0	1	
-0.336497 	-1.942381 	1	0	0	
-1.467696 	-0.660909 	0	1	0	
-0.379833 	-0.507706 	0	1	0	
-1.728385 	-1.879879 	1	0	0	
-1.107089 	-0.014100 	1	0	0	
-1.625538 	-0.497879 	1	0	0	
-1.648793 	-1.228797 	0	1	0	
-1.380047 	-1.285012 	0	1	0	
-0.397351 	-1.868160 	1	0	0	
-0.161809 	-0.773217 	1	0	0	
-0.630696 	-0.476577 	0	1	0	
-0.204108 	-1.664663 	1	0	0	
-1.038240 	-1.598071 	0	1	0	
-1.038057 	-0.876308 	0	0	1	
-1.337016 	-1.678152 	0	1	0	
-1.536912 	-0.158696 	1	0	0	
-0.164861 	-0.134159 	1	0	0	
-0.455458 	-1.226722 	0	1	0	
-1.438826 	-1.030671 	0	1	0	
-1.153783 	-0.339305 	0	1	0	
-0.365307 	-1.798090 	1	0	0	
-1.191321 	-0.266121 	0	1	0	
-1.290750 	-0.431410 	0	1	0	
-0.480239 	-0.578265 	0	1	0	
-0.578997 	-1.607532 	0	1	0	
-0.684652 	-0.200690 	1	0	0	
-0.704184 	-1.157262 	0	0	1	
-1.553087 	-1.164037 	0	1	0	
-0.745140 	-1.330912 	0	1	0	
-0.872463 	-1.493027 	0	1	0	
-1.470687 	-0.294198 	1	0	0	
-1.730827 	-0.169073 	1	0	0	
-0.201117 	-0.292062 	1	0	0	
-1.775445 	-0.104617 	1	0	0	
-1.635548 	-1.917722 	1	0	0	
-0.155095 	-0.066958 	1	0	0	
-1.830866 	-0.924955 	1	0	0	
-0.833766 	-1.488083 	0	1	0	
-1.521043 	-1.021393 	0	1	0	
-1.961608 	-1.099521 	1	0	0	
-1.963500 	-1.078402 	1	0	0	
-1.993530 	-1.328776 	1	0	0	
-1.500168 	-0.197699 	1	0	0	
-0.240425 	-1.394208 	1	0	0	
-0.021424 	-1.070528 	1	0	0	
-0.542070 	-1.037751 	0	1	0	
-1.519639 	-1.066927 	0	1	0	
-1.747917 	-1.831050 	1	0	0	
-1.919431 	-1.493759 	1	0	0	
-1.694571 	-1.993530 	1	0	0	
-0.373791 	-0.457228 	1	0	0	
-0.366771 	-1.659902 	1	0	0	
-1.212195 	-1.769341 	0	1	0	
-0.929350 	-0.534135 	0	1	0	
-0.727866 	-1.334147 	0	1	0	
-0.317576 	-0.867824 	0	1	0	
-1.993530 	-1.452132 	1	0	0	
-0.074160 	-1.699881 	1	0	0	
-1.891171 	-0.480300 	1	0	0	
-1.119297 	-1.296060 	0	0	1	
-1.544359 	-0.285104 	1	0	0	
-1.142125 	-1.724845 	0	1	0	
-0.340770 	-0.925443 	0	1	0	
-0.300607 	-0.507279 	1	0	0	
-0.731346 	-1.004242 	0	0	1	
-1.917600 	-1.279397 	1	0	0	
-1.995056 	-1.125401 	1	0	0	
-1.860530 	-0.402783 	1	0	0	
-0.155278 	-0.893155 	1	0	0	
-1.292032 	-1.462630 	0	1	0	
-0.236885 	-0.892544 	0	1	0	
-0.479385 	-0.589679 	0	1	0	
-0.049623 	-0.087588 	1	0	0	
-0.349986 	-0.544023 	0	1	0	
-1.687246 	-0.074953 	1	0	0	
-1.480148 	-0.498062 	0	1	0	
-1.928648 	-0.630512 	1	0	0	
-1.205298 	-1.456099 	0	1	0	
-1.728507 	-1.986450 	1	0	0	
-0.538774 	-0.248177 	1	0	0	
-1.986145 	-0.276315 	1	0	0	
-1.586535 	-0.036134 	1	0	0	
-1.778008 	-1.585864 	1	0	0	
-1.145482 	-0.267830 	0	1	0	
-0.243721 	-1.045930 	0	1	0	
-1.173254 	-0.018983 	1	0	0	
-0.311289 	-0.407117 	1	0	0	
-1.815790 	-1.659169 	1	0	0	
-1.449629 	-0.531266 	0	1	0	
-1.681936 	-0.778710 	0	1	0	
-1.636097 	-0.238899 	1	0	0	
-1.050996 	-1.316080 	0	0	1	
-1.726493 	-1.949950 	1	0	0	
-0.701804 	-1.820917 	1	0	0	
-0.414808 	-1.554125 	1	0	0	
-0.049806 	-1.791620 	1	0	0	
-0.970183 	-0.950041 	0	0	1	
-1.280923 	-0.024964 	1	0	0	
-1.938963 	-0.689535 	1	0	0	
-1.168615 	-1.914731 	1	0	0	
-0.998444 	-1.164708 	0	0	1	
-1.261940 	-1.636464 	0	1	0	
-0.151799 	-1.775872 	1	0	0	
-0.132694 	-0.157720 	1	0	0	
-1.448897 	-0.516923 	0	1	0	
-0.368114 	-1.008881 	0	1	0	
-1.422590 	-1.417035 	0	1	0	
-1.997436 	-0.753563 	1	0	0	
-1.427656 	-0.274117 	1	0	0	
-1.039399 	-0.096072 	1	0	0	
-0.069033 	-0.120121 	1	0	0	
-0.858608 	-0.562700 	0	1	0	
-0.907865 	-0.852992 	0	0	1	
-1.017975 	-0.694601 	0	0	1	
-1.631703 	-0.475051 	1	0	0	
-1.314066 	-0.690512 	0	1	0	
-1.877987 	-0.373974 	1	0	0	
-1.684683 	-1.435591 	1	0	0	
-1.896664 	-0.084048 	1	0	0	
-1.674062 	-0.854518 	0	1	0	
-1.240333 	-1.966063 	1	0	0	
-0.144597 	-1.527024 	1	0	0	
-1.669424 	-1.241554 	0	1	0	
-0.922391 	-0.501419 	0	1	0	
-1.459456 	-1.821467 	1	0	0	
-1.063204 	-1.246071 	0	0	1	
-1.298257 	-1.363811 	0	1	0	
-1.427656 	-0.674337 	0	1	0	
-0.960601 	-0.000427 	1	0	0	
-0.252144 	-1.181249 	0	1	0	
-0.947600 	-0.168584 	1	0	0	
-1.403668 	-0.630024 	0	1	0	
-0.278207 	-1.985778 	1	0	0	
-0.005310 	-0.224372 	1	0	0	
-0.621357 	-1.604846 	0	1	0	
-1.120762 	-1.206091 	0	0	1	
-1.954283 	-0.987457 	1	0	0	
-0.184576 	-0.313059 	1	0	0	
-1.936644 	-0.532426 	1	0	0	
-0.866482 	-0.938078 	0	0	1	
-0.186529 	-0.997589 	1	0	0	
-1.056063 	-1.922727 	1	0	0	
-1.646840 	-0.151738 	1	0	0	
-0.656758 	-0.926786 	0	0	1	
-0.227668 	-0.594928 	1	0	0	
-1.875729 	-0.308664 	1	0	0	
-0.915433 	-0.183599 	1	0	0	
-1.696768 	-0.455275 	1	0	0	
-1.532823 	-1.499557 	0	1	0	
-1.225379 	-0.498611 	0	1	0	
-0.339183 	-1.798578 	1	0	0	
-1.591601 	-1.356365 	0	1	0	
-0.658528 	-1.877560 	1	0	0	
-1.098972 	-1.034639 	0	0	1	
-0.721641 	-1.296915 	0	1	0	
-1.307718 	-1.129429 	0	0	1	
-1.911313 	-0.395764 	1	0	0	
-0.738060 	-0.465285 	0	1	0	
-1.596667 	-0.538224 	0	1	0	
-1.883419 	-0.807825 	1	0	0	
-1.745598 	-1.026643 	0	1	0	
-0.218024 	-0.588031 	1	0	0	
-1.501511 	-0.121158 	1	0	0	
-0.889981 	-1.576098 	0	1	0	
-0.912626 	-0.602313 	0	1	0	
-1.783868 	-0.441298 	1	0	0	
-0.000855 	-1.313150 	1	0	0	
-0.642659 	-0.136967 	1	0	0	
-0.358592 	-1.120212 	0	1	0	
-0.936125 	-1.046541 	0	0	1	
-1.459761 	-0.729759 	0	1	0	
-0.161504 	-0.828883 	1	0	0	
-0.873318 	-0.796838 	0	0	1	
-1.267067 	-0.900723 	0	0	1	
-0.567156 	-1.764885 	1	0	0	
-0.882412 	-0.492752 	0	1	0	
-0.488479 	-1.873165 	1	0	0	
-1.046358 	-0.218146 	0	1	0	
-1.609668 	-0.769982 	0	1	0	
-0.117679 	-0.089480 	1	0	0	
-1.626209 	-1.168737 	0	1	0	
-1.557115 	-1.923093 	1	0	0	
-1.494552 	-1.984130 	1	0	0	
-0.267647 	-1.066988 	0	1	0	
-1.997314 	-1.386883 	1	0	0	
-1.181799 	-1.391400 	0	1	0	
-0.523270 	-1.213416 	0	1	0	
-1.781121 	-0.477432 	1	0	0	
-1.249977 	-1.169042 	0	0	1	
-1.238136 	-0.943327 	0	0	1	
-0.915372 	-0.260872 	0	1	0	
-1.866207 	-0.844447 	1	0	0	
-1.368084 	-1.899655 	1	0	0	
-1.565233 	-1.085238 	0	1	0	
-1.081210 	-0.105960 	1	0	0	
-0.951689 	-0.780236 	0	0	1	
-0.819544 	-1.260659 	0	0	1	
-1.859249 	-0.501968 	1	0	0	
-1.645863 	-0.834376 	0	1	0	
-0.897794 	-0.352916 	0	1	0	
-0.454970 	-1.536363 	0	1	0	
-0.759362 	-0.799158 	0	0	1	
-1.222510 	-0.317637 	0	1	0	
-0.956877 	-1.203467 	0	0	1	
-1.155919 	-0.668050 	0	0	1	
-0.684103 	-1.995056 	1	0	0	
-1.935667 	-1.643056 	1	0	0	
-1.484725 	-1.413129 	0	1	0	
-1.233314 	-0.058718 	1	0	0	
-0.416700 	-0.762963 	0	1	0	
-0.694906 	-1.292825 	0	1	0	
-1.401227 	-1.120518 	0	1	0	
-1.576159 	-1.127659 	0	1	0	
-1.441572 	-1.423750 	0	1	0	
-0.218024 	-0.074404 	1	0	0	
-1.401593 	-0.888760 	0	1	0	
-0.549516 	-0.615131 	0	1	0	
-0.029664 	-1.687246 	1	0	0	
-1.804804 	-0.799829 	1	0	0	
-0.916837 	-0.822840 	0	0	1	
-0.643391 	-0.637226 	0	1	0	
-1.075106 	-1.145054 	0	0	1	
-1.859981 	-0.715415 	1	0	0	
-0.825282 	-0.436537 	0	1	0	
-0.870998 	-1.490585 	0	1	0	
-1.680471 	-0.512650 	1	0	0	
-0.167058 	-0.681478 	1	0	0	
-1.913083 	-1.269875 	1	0	0	
-0.917020 	-1.206702 	0	0	1	
-0.493118 	-1.621387 	1	0	0	
-1.911863 	-1.102145 	1	0	0	
-1.085238 	-0.256111 	0	1	0	
-1.036287 	-1.856990 	1	0	0	
-0.791101 	-0.160588 	1	0	0	
-1.455306 	-0.604694 	0	1	0	
-1.326640 	-1.839045 	1	0	0	
-1.702261 	-0.607318 	1	0	0	
-1.318888 	-1.170385 	0	0	1	
-1.857723 	-1.469832 	1	0	0	
-1.412946 	-0.840052 	0	1	0	
-1.005158 	-1.522874 	0	1	0	
-0.873501 	-1.282937 	0	0	1	
-0.151555 	-1.810724 	1	0	0	
-1.371502 	-0.075564 	1	0	0	
-1.800653 	-0.122318 	1	0	0	
-0.640400 	-1.715445 	1	0	0	
-0.365307 	-0.503006 	1	0	0	
-1.692373 	-0.724021 	0	1	0	
-0.608173 	-0.683370 	0	1	0	
-0.279427 	-0.011841 	1	0	0	
-0.296579 	-0.864711 	0	1	0	
-0.289132 	-1.442976 	1	0	0	
-0.259651 	-0.296579 	1	0	0	
-1.760674 	-0.535295 	1	0	0	
-0.035829 	-1.085421 	1	0	0	
-1.209937 	-0.236457 	0	1	0	
-0.297372 	-1.670583 	1	0	0	
-0.950468 	-1.710135 	0	1	0	
-0.239631 	-1.406354 	1	0	0	
-1.098300 	-1.072298 	0	0	1	
-1.122959 	-0.686605 	0	0	1	
-0.947417 	-0.014100 	1	0	0	
-0.154180 	-0.049928 	1	0	0	
-1.404218 	-1.249001 	0	1	0	
-1.895627 	-0.703146 	1	0	0	
-1.168065 	-0.720908 	0	0	1	
-1.388714 	-1.899533 	1	0	0	
-0.344981 	-1.512986 	1	0	0	
-0.180303 	-1.610767 	1	0	0	
-0.183172 	-1.391705 	1	0	0	
-1.438826 	-1.928892 	1	0	0	
-0.616230 	-0.925993 	0	0	1	
-1.346843 	-1.636525 	0	1	0	
-0.303415 	-0.117862 	1	0	0	
-0.960173 	-1.382183 	0	0	1	
-0.852748 	-0.482131 	0	1	0	
-1.717582 	-1.898984 	1	0	0	
-1.915525 	-0.513077 	1	0	0	
-0.791711 	-0.703513 	0	0	1	
-0.839381 	-1.475082 	0	1	0	
-1.466353 	-1.712760 	1	0	0	
-1.567797 	-1.455245 	0	1	0	
-0.729148 	-1.216590 	0	0	1	
-0.472182 	-0.615070 	0	1	0	
-1.266640 	-0.643086 	0	1	0	
-1.806635 	-1.578906 	1	0	0	
-0.048463 	-1.554430 	1	0	0	
-0.469253 	-1.896542 	1	0	0	
-0.690207 	-1.310709 	0	1	0	
-0.761986 	-0.517472 	0	1	0	
-1.779412 	-0.839137 	0	1	0	
-0.831568 	-1.214881 	0	0	1	
-0.355419 	-0.946501 	0	1	0	
-1.483688 	-0.895291 	0	1	0	
-0.728477 	-0.611469 	0	1	0	
-1.054048 	-1.733818 	0	1	0	
-1.825800 	-1.696036 	1	0	0	
-1.026887 	-1.069796 	0	0	1	
-1.253090 	-1.510666 	0	1	0	
-0.086306 	-0.002625 	1	0	0	
-1.258156 	-1.674368 	0	1	0	
-1.288675 	-0.623798 	0	1	0	
-0.784387 	-0.703757 	0	0	1	
-0.043947 	-0.823267 	1	0	0	
-0.801477 	-0.770837 	0	0	1	
-1.593249 	-0.607685 	0	1	0	
-1.101108 	-0.065859 	1	0	0	
-1.669179 	-0.867519 	0	1	0	
-1.745048 	-1.203589 	0	1	0	
-1.028413 	-0.531449 	0	1	0	
-1.352702 	-1.109470 	0	0	1	
-1.541795 	-1.044282 	0	1	0	
-1.416852 	-0.824305 	0	1	0	
-0.531327 	-0.107120 	1	0	0	
-0.832972 	-0.664083 	0	0	1	
-1.040315 	-1.616626 	0	1	0	
-1.832270 	-1.172826 	1	0	0	
-0.724570 	-1.740776 	0	1	0	
-1.503464 	-1.306131 	0	1	0	
-1.052644 	-0.069033 	1	0	0	
-0.092349 	-0.282052 	1	0	0	
-1.501694 	-1.774651 	1	0	0	
-0.266671 	-0.538469 	1	0	0	
-0.437208 	-1.724906 	1	0	0	
-0.532304 	-0.232368 	1	0	0	
-1.363689 	-0.479629 	0	1	0	
-0.990081 	-0.720298 	0	0	1	
-0.233833 	-1.113010 	0	1	0	
-0.619831 	-1.456587 	0	1	0	
-0.504410 	-0.797143 	0	1	0	
-0.278939 	-1.746696 	1	0	0	
-1.624744 	-0.085330 	1	0	0	
-0.603656 	-1.794305 	1	0	0	
-1.647023 	-1.831599 	1	0	0	
-0.999969 	-0.478103 	0	1	0	
-1.645253 	-0.684225 	0	1	0	
-0.911954 	-0.296945 	0	1	0	
-0.629536 	-1.092135 	0	0	1	
-1.554979 	-0.920438 	0	1	0	
-0.644978 	-0.759056 	0	1	0	
-1.300882 	-1.782342 	1	0	0	
-0.740867 	-1.485458 	0	1	0	
-0.903836 	-1.154515 	0	0	1	
-1.498825 	-0.333995 	1	0	0	
-1.752739 	-0.139103 	1	0	0	
-0.806909 	-1.057405 	0	0	1	
-1.338542 	-1.015778 	0	0	1	
-0.567583 	-0.724876 	0	1	0	
-1.124607 	-0.381970 	0	1	0	
-1.026276 	-1.485641 	0	1	0	
-1.006073 	-0.524003 	0	1	0	
-0.409131 	-0.406446 	1	0	0	
-1.546922 	-1.455733 	0	1	0	
-0.556291 	-1.321390 	0	1	0	
-0.182073 	-1.062899 	1	0	0	
-0.239326 	-1.629749 	1	0	0	
-0.571612 	-1.790460 	1	0	0	
-0.849086 	-1.981994 	1	0	0	
-1.294595 	-1.310038 	0	1	0	
-0.142888 	-1.788873 	1	0	0	
-1.070772 	-1.606006 	0	1	0	
-0.737266 	-0.492813 	0	1	0	
-0.696738 	-1.916257 	1	0	0	
-1.034455 	-1.538499 	0	1	0	
-0.884793 	-1.966674 	1	0	0	
-1.270058 	-0.979766 	0	0	1	
-0.190985 	-0.935453 	1	0	0	
-0.369274 	-1.661184 	1	0	0	
-0.221320 	-0.585955 	1	0	0	
-0.299142 	-0.911100 	0	1	0	
-0.302072 	-0.004395 	1	0	0	
-1.604480 	-0.684042 	0	1	0	
-0.803125 	-0.381237 	0	1	0	
-0.814722 	-0.089785 	1	0	0	
-1.300516 	-1.272256 	0	1	0	
-1.409711 	-1.246559 	0	1	0	
-0.766869 	-0.778405 	0	0	1	
-1.031220 	-0.395886 	0	1	0	
-1.976257 	-1.080355 	1	0	0	
-0.628315 	-1.217200 	0	1	0	
-1.311563 	-1.766594 	1	0	0	
-0.223518 	-0.278329 	1	0	0	
-0.161809 	-0.391675 	1	0	0	
-0.988067 	-1.561083 	0	1	0	
-1.096774 	-0.702780 	0	0	1	
-0.312571 	-1.997559 	1	0	0	
-1.006073 	-1.971068 	1	0	0	
-1.562181 	-0.956755 	0	1	0	
-0.391308 	-1.866756 	1	0	0	
-1.201697 	-1.617176 	0	1	0	
-0.997345 	-0.314219 	0	1	0	
-0.980438 	-1.163732 	0	0	1	
-0.971465 	-0.765282 	0	0	1	
-1.862239 	-1.746635 	1	0	0	
-1.737053 	-0.327891 	1	0	0	
-1.389691 	-1.139378 	0	1	0	
-1.769585 	-1.187536 	0	1	0	
-1.169408 	-1.033296 	0	0	1	
-1.462996 	-0.759423 	0	1	0	
-0.165288 	-1.906491 	1	0	0	
-0.272408 	-1.008881 	0	1	0	
-0.488784 	-0.404370 	0	1	0	
-0.323008 	-0.376354 	1	0	0	
-1.371807 	-0.169866 	1	0	0	
-1.669729 	-0.746422 	0	1	0	
-0.011536 	-0.059450 	1	0	0	
-1.398236 	-0.896268 	0	1	0	
-0.973663 	-0.684286 	0	0	1	
-1.752373 	-0.863124 	0	1	0	
-0.840968 	-1.212500 	0	0	1	
-1.476669 	-0.666280 	0	1	0	
-1.796686 	-1.371014 	1	0	0	
-1.561144 	-1.822748 	1	0	0	
-0.827967 	-0.583880 	0	1	0	
-1.576342 	-1.092868 	0	1	0	
-0.238533 	-1.185156 	0	1	0	
-1.784967 	-0.894375 	0	1	0	
-0.157231 	-1.642994 	1	0	0	
-1.219092 	-1.821528 	1	0	0	
-0.730003 	-0.733238 	0	0	1	
-0.909330 	-1.707389 	0	1	0	
-0.683248 	-0.599994 	0	1	0	
-0.453871 	-0.666463 	0	1	0	
-1.945616 	-1.639943 	1	0	0	
-1.114963 	-0.555681 	0	1	0	
-1.015900 	-1.148473 	0	0	1	
-1.630177 	-0.290231 	1	0	0	
-0.764733 	-0.665365 	0	1	0	
-1.925962 	-1.452986 	1	0	0	
-1.356853 	-1.957030 	1	0	0	
-0.921293 	-1.633656 	0	1	0	
-1.982665 	-0.572466 	1	0	0	
-1.608386 	-1.936888 	1	0	0	
-0.085086 	-0.911954 	1	0	0	
-1.598193 	-0.094974 	1	0	0	
-1.771172 	-1.743950 	1	0	0	
-0.318674 	-1.624012 	1	0	0	
-0.093142 	-0.109317 	1	0	0	
-1.052461 	-0.460158 	0	1	0	
-0.889859 	-0.549577 	0	1	0	
-1.002106 	-1.514451 	0	1	0	
-0.872829 	-1.597034 	0	1	0	
-1.570177 	-0.582232 	0	1	0	
-1.646901 	-0.463515 	1	0	0	
-0.041261 	-0.046510 	1	0	0	
-0.351329 	-1.867000 	1	0	0	
-0.854884 	-1.811029 	1	0	0	
-0.609882 	-1.931150 	1	0	0	
-1.654347 	-1.901547 	1	0	0	
-0.476943 	-1.097568 	0	1	0	
-0.301584 	-0.172857 	1	0	0	
-1.066988 	-0.986602 	0	0	1	
-0.043641 	-1.558397 	1	0	0	
-0.555315 	-1.145482 	0	1	0	
-1.019684 	-0.300363 	0	1	0	
-1.237648 	-0.619892 	0	1	0	
-1.294229 	-1.598193 	0	1	0	
-0.335154 	-0.288095 	1	0	0	
-1.606677 	-0.111942 	1	0	0	
