-0.844081  -0.715720 
-0.974883  -0.773522 
-0.987213  -0.636738 
-0.753258  -0.772179 
-0.897366  -0.744163 
-0.833216  -0.806299 
-0.833216  -1.276101 
-1.016999  -1.140294 
-1.181677  -0.918241 
-0.744407  -0.734153 
-0.930021  -0.903470 
-1.340983  -0.818690 
-1.272134  -0.881008 
-1.061922  -1.333048 
-0.868496  -1.072115 
-1.241066  -0.804041 
-1.001556  -1.021943 
-1.001862  -1.321207 
-0.736961  -0.901883 
-0.973785  -0.763634 
-1.010346  -0.892117 
-0.941313  -1.250893 
-1.170507  -0.691122 
-1.198706  -0.664693 
-0.901639  -1.374554 
-0.859706  -0.736351 
-1.135533  -0.845912 
-1.110385  -0.713523 
-1.191259  -1.326945 
-0.976653  -0.837550 
-0.807947  -1.144505 
-1.326945  -0.821131 
-1.026032  -1.106052 
-1.248451  -0.874111 
-1.253700  -0.748741 
-0.940580  -0.626850 
-0.914396  -0.634724 
-1.063326  -1.193274 
-1.293741  -0.827296 
-1.150975  -0.886624 
-0.856594  -1.349773 
-0.830164  -0.782434 
-0.980255  -1.036653 
-1.069613  -0.762841 
-1.338237  -0.805445 
-0.780480  -0.718589 
-1.116977  -0.870815 
-1.001617  -0.714255 
-0.821986  -1.087680 
-1.341288  -1.117222 
-0.731285  -0.813562 
-1.051241  -0.750816 
-1.006867  -0.842067 
-0.869289  -1.161840 
-1.340068  -1.153844 
-0.940519  -0.808008 
-1.123081  -1.131077 
-1.248329  -1.302042 
-0.702353  -0.821558 
-0.706931  -0.852748 
-0.728660  -0.789209 
-0.745689  -1.028779 
-1.038789  -0.806543 
-0.978240  -0.608234 
-0.866420  -0.765404 
-1.131321  -0.865017 
-1.251503  -1.105380 
-0.953825  -1.017243 
-0.684469  -1.233436 
-1.287393  -1.115635 
-1.267006  -1.116367 
-0.930143  -1.115696 
-1.399335  -1.004669 
-1.251869  -1.118503 
-0.952666  -0.898587 
-0.800439  -0.823389 
-1.335673  -1.051180 
-1.268410  -1.051607 
-1.330485  -1.062716 
-1.371929  -0.956511 
-1.301248  -1.041658 
-0.789148  -0.851833 
-0.829310  -0.752037 
-1.024262  -1.386639 
-0.646260  -1.083651 
-0.940275  -0.715049 
-0.856410  -1.094028 
-1.205725  -1.067110 
-0.860012  -1.055025 
-0.957121  -0.669576 
-0.698813  -1.105930 
-1.015229  -1.224219 
-0.709494  -1.245094 
-1.083895  -1.350932 
-0.896573  -1.011628 
-0.648091  -1.185034 
-0.809656  -0.884182 
-1.109836  -1.175085 
-1.212989  -1.316141 
-1.375591  -1.093783 
-0.811975  -0.784143 
-0.875759  -1.217078 
-0.882168  -0.953520 
-0.982452  -1.092318 
-1.290689  -1.201392 
-1.024262  -0.971587 
-0.733787  -1.228492 
-1.019196  -1.018769 
-0.722800  -0.912931 
-0.919889  -0.907926 
-0.646687  -1.065950 
-1.133152  -1.070467 
-1.052400  -0.780053 
-0.957610  -1.305399 
-0.920682  -1.186682 
-0.757164  -0.804346 
-0.829371  -1.101291 
-0.630573  -0.889798 
-1.164830  -1.299905 
-0.669454  -0.958769 
-0.691183  -1.217444 
-1.042329  -0.875637 
-0.779199  -1.237831 
-0.777612  -0.710532 
-0.677938  -0.973724 
-0.993255  -0.692587 
-1.339702  -0.797205 
-1.124912  -0.747398 
-1.281961  -0.864956 
-0.946379  -1.378033 
-0.857082  -0.758507 
-1.006623  -0.718284 
-0.883694  -0.919218 
-0.830226  -1.248634 
-1.032136  -0.702841 
-0.987762  -0.715720 
-0.877041  -0.914212 
-1.341594  -1.036592 
-1.194800  -1.214454 
-0.784326  -1.115085 
-1.088778  -1.378460 
-0.952849  -0.690878 
-0.997345  -1.211402 
-1.129856  -0.849635 
-0.718467  -0.975555 
-0.845668  -1.255104 
-1.213233  -0.809107 
-1.134007  -0.686789 
-1.122410  -0.792444 
-1.156285  -0.894620 
-0.957244  -0.858547 
-1.126438  -0.844142 
-1.198706  -1.151097 
-0.750267  -1.201880 
-0.967864  -0.984588 
-1.017975  -1.206519 
-1.270180  -1.253334 
-1.376446  -0.876553 
-1.048433  -0.775597 
-1.313211  -1.233802 
-1.026704  -1.391217 
-1.371746  -1.026521 
-1.302835  -0.782861 
-0.936674  -0.655477 
-0.817469  -1.302042 
-1.109775  -1.092929 
-1.079562  -1.301920 
-0.719871  -0.963958 
-0.826258  -0.959380 
-0.798914  -1.123142 
-1.129429  -0.811182 
-0.629719  -1.012177 
-0.880520  -1.356792 
-1.203223  -1.250954 
-0.773339  -0.953398 
-0.799463  -0.978362 
-0.748009  -0.929960 
-1.051485  -0.631062 
-1.220801  -0.983001 
-0.964873  -0.819605 
-1.288797  -0.835414 
-0.804895  -1.285745 
-0.716147  -0.985748 
-0.849330  -0.986236 
-1.310343  -1.221107 
-0.899258  -1.317667 
-1.119541  -1.152989 
-1.219459  -1.067354 
-0.738060  -1.013215 
-0.896329  -1.315836 
-1.089450  -1.021577 
-0.949553  -0.951933 
-1.226478  -0.885342 
-0.971282  -0.675253 
-0.823756  -1.248268 
-1.016572  -1.195898 
-0.917142  -0.972198 
-0.729881  -1.260292 
-0.832301  -1.286782 
-0.770959  -1.245155 
0.701010  0.912503 
1.139622  0.778588 
1.296548  1.082675 
0.999054  1.370098 
1.063082  1.064852 
0.657430  1.139256 
1.239723  0.932585 
0.975616  1.168004 
0.776330  1.002777 
1.265481  1.173925 
0.758507  0.877285 
1.191076  0.890591 
0.759606  0.868191 
0.684652  1.071871 
0.920743  0.888455 
0.660237  1.208289 
1.041414  1.051790 
1.152013  1.061007 
1.324259  0.930204 
0.926725  1.276711 
0.761498  1.044160 
0.875088  1.218970 
1.183508  0.958220 
0.984344  0.635701 
1.084811  1.097140 
1.358318  0.850063 
0.848659  1.336283 
0.702780  0.956755 
1.162206  1.319376 
0.983551  0.746910 
1.358013  0.887173 
0.812708  0.667745 
1.220191  1.284646 
0.906278  1.144078 
0.952361  1.212256 
1.005036  0.725974 
1.223670  1.260231 
1.267983  1.232765 
0.884854  1.116550 
0.802210  0.748253 
0.916715  1.331584 
1.168126  1.236610 
0.797021  1.011505 
1.097568  1.042634 
1.024384  0.937040 
0.870327  0.668600 
0.920621  1.015595 
0.620930  1.122166 
1.148961  1.195105 
1.014313  1.028535 
0.648824  1.067476 
1.224891  0.677816 
1.323222  1.102634 
0.831324  1.050569 
1.364666  1.101352 
0.770104  1.086947 
1.287210  0.873928 
1.033296  0.778405 
0.684713  1.147679 
0.704611  0.798853 
0.988189  1.112644 
0.838282  1.075838 
0.747765  0.730064 
1.076022  0.708090 
1.060457  1.231788 
1.278176  1.207251 
0.968108  0.782128 
1.147191  0.858730 
1.054048  0.649068 
1.365886  1.021393 
1.127964  0.748436 
0.971282  1.154515 
1.251503  1.082797 
1.162999  0.841029 
0.847011  1.191992 
0.711753  0.731834 
0.794946  1.199683 
0.679952  1.070589 
1.035859  1.172338 
0.995880  1.185949 
0.863857  0.962981 
0.950529  0.945280 
0.738670  0.766747 
1.234107  0.847987 
1.087985  1.078463 
0.758690  1.277871 
1.166906  1.048067 
0.718772  0.819666 
1.008148  1.270119 
0.676412  1.197546 
1.026826  0.953154 
1.041108  1.340007 
0.797632  1.070284 
1.046052  0.752403 
1.054903  0.899197 
0.867336  0.900540 
0.863735  1.296548 
1.084140  1.104831 
0.800134  0.890957 
0.673482  0.879055 
1.206885  1.201636 
1.249123  0.986175 
0.804163  0.877102 
0.768700  1.275613 
0.641011  1.087130 
1.316324  1.195593 
0.765893  0.675924 
1.153600  0.763756 
0.939238  0.933317 
0.813929  0.715598 
0.656209  1.117954 
0.764061  0.864895 
0.992096  0.776147 
1.173070  0.719565 
0.831690  1.135716 
0.762780  0.884976 
1.251198  0.707602 
1.115390  0.854213 
0.923673  1.071078 
1.139256  0.718467 
1.180517  1.015778 
0.672445  0.925626 
0.832545  1.040376 
0.801904  0.814661 
0.800867  1.093295 
0.857814  1.345439 
0.893094  1.113193 
1.036348  1.327372 
0.987152  1.291971 
1.160680  0.955351 
1.153722  1.084017 
0.833155  0.902005 
1.062471  0.739830 
1.258644  0.908231 
1.018830  0.770531 
0.997650  1.007111 
1.321268  0.832240 
1.048372  1.085299 
0.872402  1.073214 
1.147374  1.225135 
1.181310  1.109592 
1.089572  0.940214 
0.988861  1.029817 
1.169469  0.806665 
0.941740  1.369732 
1.047212  0.603656 
0.890408  0.887539 
1.351543  0.911466 
0.949675  0.953093 
0.740623  1.086154 
1.050142  0.985137 
0.831202  0.719687 
1.181066  0.748253 
1.046480  0.776574 
0.808313  1.265664 
0.718711  0.998016 
1.014496  1.141942 
0.957915  1.330485 
0.756737  1.024323 
0.881985  1.231544 
0.859462  0.718528 
1.284036  1.140233 
1.388043  1.046358 
0.773034  1.181799 
1.142796  0.707053 
0.983123  1.100009 
0.744285  1.281472 
0.960234  1.262856 
1.304727  1.058321 
1.086703  0.654805 
1.099826  1.070894 
0.886013  1.366314 
0.733909  1.181494 
0.975127  1.173498 
1.021210  1.115574 
0.873440  1.122532 
0.646931  1.114902 
0.691427  0.770287 
0.609149  1.022614 
1.179601  0.774010 
0.921720  1.069979 
1.073885  0.830042 
1.397382  0.962249 
1.181310  0.643635 
0.678182  1.222877 
0.904935  1.128269 
